0 -> (37, 302)
1 -> (3, 295)
2 -> (17, 294)
3 -> (18, 305)
4 -> (9, 282)
5 -> (41, 331)
6 -> (14, 287)
7 -> (11, 287)
8 -> (6, 281)
9 -> (29, 303)
10 -> (26, 317)
11 -> (28, 314)
12 -> (61, 335)
13 -> (23, 299)
14 -> (57, 321)
15 -> (2, 296)
16 -> (36, 306)
17 -> (12, 286)
18 -> (7, 265)
19 -> (8, 287)
20 -> (39, 313)
21 -> (74, 320)
22 -> (5, 281)
23 -> (24, 296)
24 -> (51, 325)
25 -> (21, 288)
26 -> (10, 282)
27 -> (45, 313)
28 -> (49, 308)
29 -> (4, 271)
30 -> (19, 299)
31 -> (27, 305)
32 -> (30, 302)
33 -> (20, 286)
34 -> (53, 323)
35 -> (1, 277)
36 -> (76, 318)
37 -> (47, 309)
38 -> (54, 305)
39 -> (79, 311)
40 -> (13, 288)
41 -> (93, 316)
42 -> (58, 307)
43 -> (50, 309)
44 -> (122, 327)
45 -> (32, 283)
46 -> (44, 305)
47 -> (55, 303)
48 -> (69, 312)
49 -> (16, 272)
50 -> (67, 326)
51 -> (0, 274)
52 -> (52, 288)
53 -> (70, 316)
54 -> (33, 295)
55 -> (64, 310)
56 -> (34, 281)
57 -> (38, 285)
58 -> (35, 287)
59 -> (42, 301)
60 -> (22, 294)
61 -> (97, 320)
62 -> (31, 290)
63 -> (82, 315)
64 -> (43, 296)
65 -> (46, 304)
66 -> (40, 291)
67 -> (90, 333)
68 -> (73, 305)
69 -> (56, 295)
70 -> (15, 270)
71 -> (72, 313)
72 -> (81, 292)
73 -> (98, 324)
74 -> (25, 274)
75 -> (75, 301)
76 -> (86, 303)
77 -> (92, 310)
78 -> (68, 297)
79 -> (100, 314)
80 -> (60, 289)
81 -> (91, 307)
82 -> (87, 303)
83 -> (101, 309)
84 -> (71, 301)
85 -> (94, 308)
86 -> (99, 310)
87 -> (66, 287)
88 -> (88, 286)
89 -> (85, 296)
90 -> (83, 278)
91 -> (77, 296)
92 -> (103, 312)
93 -> (110, 308)
94 -> (89, 321)
95 -> (129, 309)
96 -> (48, 280)
97 -> (139, 315)
98 -> (62, 290)
99 -> (119, 303)
100 -> (96, 303)
101 -> (59, 274)
102 -> (105, 302)
103 -> (143, 331)
104 -> (127, 318)
105 -> (134, 324)
106 -> (95, 286)
107 -> (80, 295)
108 -> (158, 352)
109 -> (124, 319)
110 -> (65, 285)
111 -> (118, 301)
112 -> (108, 292)
113 -> (104, 300)
114 -> (155, 296)
115 -> (63, 269)
116 -> (121, 307)
117 -> (115, 308)
118 -> (107, 296)
119 -> (132, 311)
120 -> (109, 293)
121 -> (78, 285)
122 -> (153, 316)
123 -> (123, 300)
124 -> (111, 301)
125 -> (102, 268)
126 -> (186, 345)
127 -> (120, 288)
128 -> (169, 326)
129 -> (174, 329)
130 -> (106, 285)
131 -> (126, 287)
132 -> (164, 313)
133 -> (116, 288)
134 -> (117, 283)
135 -> (161, 306)
136 -> (128, 280)
137 -> (84, 266)
138 -> (113, 276)
139 -> (125, 285)
140 -> (137, 291)
141 -> (131, 304)
142 -> (147, 299)
143 -> (133, 292)
144 -> (177, 309)
145 -> (175, 320)
146 -> (166, 314)
147 -> (114, 275)
148 -> (163, 310)
149 -> (196, 321)
150 -> (185, 330)
151 -> (154, 308)
152 -> (140, 289)
153 -> (130, 277)
154 -> (150, 304)
155 -> (141, 293)
156 -> (159, 305)
157 -> (144, 295)
158 -> (157, 316)
159 -> (179, 320)
160 -> (135, 301)
161 -> (138, 286)
162 -> (112, 276)
163 -> (142, 285)
164 -> (145, 284)
165 -> (160, 307)
166 -> (178, 308)
167 -> (188, 310)
168 -> (193, 314)
169 -> (162, 279)
170 -> (172, 302)
171 -> (173, 287)
172 -> (199, 309)
173 -> (151, 286)
174 -> (149, 285)
175 -> (183, 308)
176 -> (146, 292)
177 -> (190, 308)
178 -> (136, 280)
179 -> (215, 329)
180 -> (167, 283)
181 -> (168, 294)
182 -> (176, 301)
183 -> (189, 308)
184 -> (148, 274)
185 -> (187, 300)
186 -> (220, 312)
187 -> (165, 291)
188 -> (171, 286)
189 -> (195, 310)
190 -> (207, 312)
191 -> (197, 312)
192 -> (209, 285)
193 -> (204, 297)
194 -> (180, 277)
195 -> (156, 280)
196 -> (152, 259)
197 -> (218, 309)
198 -> (192, 297)
199 -> (198, 304)
200 -> (191, 285)
201 -> (205, 292)
202 -> (224, 331)
203 -> (233, 324)
204 -> (226, 317)
205 -> (227, 306)
206 -> (229, 300)
207 -> (232, 316)
208 -> (235, 317)
209 -> (184, 296)
210 -> (216, 296)
211 -> (182, 273)
212 -> (202, 297)
213 -> (200, 298)
214 -> (219, 295)
215 -> (221, 299)
216 -> (241, 315)
217 -> (217, 302)
218 -> (214, 297)
219 -> (213, 298)
220 -> (210, 290)
221 -> (201, 297)
222 -> (236, 304)
223 -> (194, 302)
224 -> (223, 299)
225 -> (203, 292)
226 -> (211, 287)
227 -> (222, 290)
228 -> (242, 307)
229 -> (225, 302)
230 -> (170, 249)
231 -> (239, 305)
232 -> (240, 291)
233 -> (228, 294)
234 -> (264, 318)
235 -> (254, 304)
236 -> (289, 325)
237 -> (243, 295)
238 -> (206, 292)
239 -> (268, 313)
240 -> (256, 328)
241 -> (284, 307)
242 -> (262, 316)
243 -> (266, 309)
244 -> (181, 263)
245 -> (247, 306)
246 -> (212, 286)
247 -> (231, 283)
248 -> (230, 295)
249 -> (279, 314)
250 -> (234, 280)
251 -> (260, 307)
252 -> (299, 312)
253 -> (263, 298)
254 -> (277, 315)
255 -> (246, 276)
256 -> (278, 303)
257 -> (250, 299)
258 -> (253, 302)
259 -> (281, 298)
260 -> (208, 278)
261 -> (252, 288)
262 -> (280, 309)
263 -> (245, 303)
264 -> (273, 302)
265 -> (300, 312)
266 -> (298, 317)
267 -> (292, 311)
268 -> (274, 303)
269 -> (257, 311)
270 -> (244, 287)
271 -> (293, 306)
272 -> (249, 285)
273 -> (308, 330)
274 -> (255, 280)
275 -> (320, 312)
276 -> (288, 308)
277 -> (290, 293)
278 -> (237, 273)
279 -> (282, 283)
280 -> (295, 312)
281 -> (269, 294)
282 -> (251, 271)
283 -> (258, 279)
284 -> (259, 273)
285 -> (265, 292)
286 -> (297, 307)
287 -> (319, 325)
288 -> (306, 303)
289 -> (238, 273)
290 -> (248, 273)
291 -> (330, 322)
292 -> (267, 290)
293 -> (261, 277)
294 -> (335, 321)
295 -> (322, 311)
296 -> (271, 276)
297 -> (270, 284)
298 -> (275, 286)
299 -> (307, 285)
300 -> (304, 303)
301 -> (325, 300)
302 -> (309, 308)
303 -> (276, 295)
304 -> (310, 294)
305 -> (287, 293)
306 -> (316, 312)
307 -> (283, 281)
308 -> (318, 296)
309 -> (324, 313)
310 -> (323, 301)
311 -> (286, 287)
312 -> (302, 308)
313 -> (356, 317)
314 -> (303, 284)
315 -> (272, 277)
316 -> (342, 310)
317 -> (336, 299)
318 -> (334, 325)
319 -> (339, 317)
320 -> (338, 304)
321 -> (317, 303)
322 -> (378, 323)
323 -> (314, 297)
324 -> (315, 288)
325 -> (291, 295)
326 -> (347, 314)
327 -> (345, 298)
328 -> (368, 317)
329 -> (359, 301)
330 -> (294, 269)
331 -> (312, 296)
332 -> (362, 305)
333 -> (313, 303)
334 -> (354, 296)
335 -> (285, 277)
336 -> (329, 308)
337 -> (328, 291)
338 -> (364, 323)
339 -> (341, 292)
340 -> (311, 293)
341 -> (305, 271)
342 -> (301, 290)
343 -> (375, 314)
344 -> (367, 324)
345 -> (346, 310)
346 -> (353, 305)
347 -> (332, 288)
348 -> (331, 290)
349 -> (296, 286)
350 -> (357, 292)
351 -> (360, 311)
352 -> (387, 331)
353 -> (348, 306)
354 -> (340, 283)
355 -> (327, 286)
356 -> (321, 287)
357 -> (344, 298)
358 -> (349, 297)
359 -> (326, 278)
360 -> (337, 299)
361 -> (343, 294)
362 -> (388, 301)
363 -> (333, 286)
364 -> (384, 306)
365 -> (377, 297)
366 -> (370, 305)
367 -> (382, 313)
368 -> (358, 290)
369 -> (381, 305)
370 -> (363, 296)
371 -> (390, 324)
372 -> (396, 312)
373 -> (395, 302)
374 -> (376, 306)
375 -> (402, 313)
376 -> (361, 292)
377 -> (366, 301)
378 -> (355, 291)
379 -> (423, 331)
380 -> (383, 314)
381 -> (412, 309)
382 -> (372, 299)
383 -> (420, 324)
384 -> (431, 321)
385 -> (365, 300)
386 -> (371, 290)
387 -> (379, 298)
388 -> (350, 268)
389 -> (352, 278)
390 -> (414, 311)
391 -> (393, 305)
392 -> (418, 299)
393 -> (401, 314)
394 -> (413, 315)
395 -> (405, 302)
396 -> (351, 283)
397 -> (410, 296)
398 -> (389, 300)
399 -> (443, 326)
400 -> (435, 316)
401 -> (385, 290)
402 -> (369, 295)
403 -> (380, 290)
404 -> (449, 309)
405 -> (415, 306)
406 -> (400, 304)
407 -> (426, 301)
408 -> (392, 303)
409 -> (460, 335)
410 -> (403, 298)
411 -> (409, 303)
412 -> (407, 292)
413 -> (444, 326)
414 -> (397, 295)
415 -> (373, 284)
416 -> (417, 293)
417 -> (386, 277)
418 -> (421, 293)
419 -> (455, 312)
420 -> (399, 296)
421 -> (391, 284)
422 -> (429, 298)
423 -> (406, 286)
424 -> (469, 333)
425 -> (374, 273)
426 -> (398, 282)
427 -> (411, 307)
428 -> (416, 298)
429 -> (432, 304)
430 -> (451, 316)
431 -> (394, 277)
432 -> (457, 306)
433 -> (442, 306)
434 -> (453, 308)
435 -> (436, 300)
436 -> (462, 305)
437 -> (437, 320)
438 -> (481, 334)
439 -> (446, 304)
440 -> (482, 325)
441 -> (428, 279)
442 -> (408, 287)
443 -> (425, 296)
444 -> (404, 281)
445 -> (471, 315)
446 -> (450, 315)
447 -> (424, 297)
448 -> (433, 297)
449 -> (438, 293)
450 -> (445, 307)
451 -> (419, 271)
452 -> (448, 298)
453 -> (434, 292)
454 -> (427, 298)
455 -> (479, 311)
456 -> (463, 307)
457 -> (447, 303)
458 -> (484, 324)
459 -> (477, 308)
460 -> (488, 319)
461 -> (441, 288)
462 -> (499, 318)
463 -> (456, 311)
464 -> (422, 279)
465 -> (474, 312)
466 -> (523, 351)
467 -> (493, 298)
468 -> (440, 297)
469 -> (459, 298)
470 -> (458, 288)
471 -> (512, 318)
472 -> (470, 311)
473 -> (461, 304)
474 -> (473, 295)
475 -> (430, 275)
476 -> (487, 298)
477 -> (490, 315)
478 -> (501, 317)
479 -> (494, 302)
480 -> (489, 310)
481 -> (480, 308)
482 -> (521, 316)
483 -> (466, 298)
484 -> (500, 316)
485 -> (492, 290)
486 -> (514, 328)
487 -> (452, 300)
488 -> (465, 289)
489 -> (483, 306)
490 -> (496, 315)
491 -> (472, 291)
492 -> (516, 326)
493 -> (467, 286)
494 -> (439, 297)
495 -> (475, 298)
496 -> (491, 291)
497 -> (517, 303)
498 -> (468, 288)
499 -> (485, 313)
500 -> (498, 302)
501 -> (506, 306)
502 -> (454, 272)
503 -> (546, 320)
504 -> (486, 315)
505 -> (497, 287)
506 -> (510, 314)
507 -> (515, 291)
508 -> (495, 287)
509 -> (478, 293)
510 -> (524, 301)
511 -> (536, 307)
512 -> (525, 303)
513 -> (502, 296)
514 -> (548, 313)
515 -> (550, 310)
516 -> (509, 298)
517 -> (476, 276)
518 -> (538, 314)
519 -> (464, 260)
520 -> (533, 298)
521 -> (557, 328)
522 -> (537, 311)
523 -> (531, 311)
524 -> (532, 304)
525 -> (542, 313)
526 -> (522, 305)
527 -> (505, 288)
528 -> (513, 287)
529 -> (569, 323)
530 -> (518, 294)
531 -> (549, 305)
532 -> (530, 298)
533 -> (540, 312)
534 -> (529, 292)
535 -> (528, 282)
536 -> (534, 314)
537 -> (507, 270)
538 -> (504, 293)
539 -> (526, 286)
540 -> (568, 317)
541 -> (539, 310)
542 -> (544, 309)
543 -> (584, 336)
544 -> (503, 272)
545 -> (563, 310)
546 -> (559, 313)
547 -> (575, 307)
548 -> (566, 310)
549 -> (562, 324)
550 -> (508, 287)
551 -> (519, 290)
552 -> (547, 320)
553 -> (535, 294)
554 -> (558, 297)
555 -> (594, 320)
556 -> (551, 294)
557 -> (560, 307)
558 -> (511, 273)
559 -> (578, 309)
560 -> (555, 297)
561 -> (565, 303)
562 -> (553, 304)
563 -> (543, 283)
564 -> (599, 322)
565 -> (581, 292)
566 -> (607, 326)
567 -> (591, 306)
568 -> (608, 316)
569 -> (545, 288)
570 -> (576, 300)
571 -> (585, 314)
572 -> (577, 306)
573 -> (554, 288)
574 -> (622, 342)
575 -> (541, 270)
576 -> (570, 296)
577 -> (590, 304)
578 -> (614, 323)
579 -> (527, 276)
580 -> (572, 300)
581 -> (571, 300)
582 -> (573, 281)
583 -> (582, 295)
584 -> (561, 301)
585 -> (605, 307)
586 -> (580, 291)
587 -> (592, 283)
588 -> (520, 264)
589 -> (552, 269)
590 -> (564, 292)
591 -> (597, 305)
592 -> (583, 290)
593 -> (634, 311)
594 -> (567, 283)
595 -> (601, 306)
596 -> (579, 284)
597 -> (621, 310)
598 -> (556, 269)
599 -> (603, 293)
600 -> (587, 304)
601 -> (611, 307)
602 -> (620, 322)
603 -> (646, 326)
604 -> (602, 299)
605 -> (604, 299)
606 -> (595, 295)
607 -> (613, 306)
608 -> (628, 301)
609 -> (629, 308)
610 -> (618, 296)
611 -> (624, 304)
612 -> (638, 309)
613 -> (588, 280)
614 -> (574, 278)
615 -> (593, 300)
616 -> (635, 311)
617 -> (625, 306)
618 -> (632, 333)
619 -> (616, 307)
620 -> (663, 326)
621 -> (644, 307)
622 -> (623, 302)
623 -> (596, 291)
624 -> (589, 279)
625 -> (586, 294)
626 -> (600, 280)
627 -> (667, 335)
628 -> (630, 295)
629 -> (598, 276)
630 -> (671, 315)
631 -> (619, 290)
632 -> (609, 288)
633 -> (675, 339)
634 -> (610, 273)
635 -> (639, 302)
636 -> (612, 298)
637 -> (641, 318)
638 -> (656, 313)
639 -> (670, 321)
640 -> (606, 286)
641 -> (627, 287)
642 -> (648, 304)
643 -> (633, 283)
644 -> (655, 303)
645 -> (650, 290)
646 -> (640, 288)
647 -> (626, 282)
648 -> (661, 303)
649 -> (615, 276)
650 -> (659, 300)
651 -> (643, 281)
652 -> (631, 288)
653 -> (662, 305)
654 -> (651, 305)
655 -> (698, 324)
656 -> (617, 279)
657 -> (657, 307)
658 -> (737, 346)
659 -> (678, 325)
660 -> (665, 301)
661 -> (674, 293)
662 -> (691, 314)
663 -> (684, 306)
664 -> (686, 309)
665 -> (637, 281)
666 -> (654, 297)
667 -> (652, 298)
668 -> (653, 293)
669 -> (642, 287)
670 -> (647, 286)
671 -> (673, 311)
672 -> (664, 296)
673 -> (702, 337)
674 -> (660, 288)
675 -> (677, 312)
676 -> (687, 291)
677 -> (701, 319)
678 -> (715, 312)
679 -> (666, 290)
680 -> (676, 295)
681 -> (668, 304)
682 -> (738, 308)
683 -> (669, 296)
684 -> (682, 299)
685 -> (679, 303)
686 -> (709, 322)
687 -> (706, 299)
688 -> (694, 296)
689 -> (658, 276)
690 -> (649, 286)
691 -> (689, 293)
692 -> (680, 278)
693 -> (672, 284)
694 -> (683, 292)
695 -> (693, 292)
696 -> (690, 301)
697 -> (692, 283)
698 -> (722, 308)
699 -> (699, 307)
700 -> (700, 281)
701 -> (636, 273)
702 -> (645, 270)
703 -> (713, 304)
704 -> (732, 313)
705 -> (718, 313)
706 -> (731, 311)
707 -> (719, 327)
708 -> (697, 289)
709 -> (766, 322)
710 -> (688, 263)
711 -> (711, 313)
712 -> (730, 318)
713 -> (685, 289)
714 -> (681, 289)
715 -> (712, 322)
716 -> (716, 294)
717 -> (696, 280)
718 -> (741, 327)
719 -> (695, 280)
720 -> (758, 324)
721 -> (727, 328)
722 -> (729, 302)
723 -> (703, 307)
724 -> (755, 318)
725 -> (717, 288)
726 -> (740, 321)
727 -> (704, 297)
728 -> (728, 300)
729 -> (726, 292)
730 -> (705, 282)
731 -> (714, 277)
732 -> (778, 331)
733 -> (708, 298)
734 -> (710, 286)
735 -> (750, 304)
736 -> (723, 290)
737 -> (747, 298)
738 -> (721, 284)
739 -> (739, 296)
740 -> (773, 322)
741 -> (733, 287)
742 -> (769, 329)
743 -> (736, 300)
744 -> (751, 296)
745 -> (753, 291)
746 -> (734, 291)
747 -> (746, 299)
748 -> (774, 317)
749 -> (707, 289)
750 -> (742, 299)
751 -> (768, 312)
752 -> (754, 299)
753 -> (777, 325)
754 -> (748, 297)
755 -> (725, 276)
756 -> (771, 311)
757 -> (791, 315)
758 -> (770, 294)
759 -> (759, 305)
760 -> (765, 302)
761 -> (767, 309)
762 -> (720, 269)
763 -> (790, 316)
764 -> (749, 296)
765 -> (776, 313)
766 -> (735, 301)
767 -> (762, 295)
768 -> (743, 290)
769 -> (780, 311)
770 -> (757, 281)
771 -> (775, 292)
772 -> (789, 285)
773 -> (756, 292)
774 -> (724, 286)
775 -> (787, 285)
776 -> (782, 309)
777 -> (792, 306)
778 -> (779, 295)
779 -> (799, 296)
780 -> (752, 276)
781 -> (763, 279)
782 -> (744, 295)
783 -> (798, 284)
784 -> (797, 288)
785 -> (786, 308)
786 -> (793, 278)
787 -> (772, 296)
788 -> (795, 306)
789 -> (784, 313)
790 -> (781, 295)
791 -> (796, 302)
792 -> (788, 287)
793 -> (761, 278)
794 -> (783, 284)
795 -> (745, 272)
796 -> (794, 312)
797 -> (785, 286)
798 -> (764, 290)
799 -> (760, 277)
