0 -> (25, 261)
1 -> (2, 227)
2 -> (0, 222)
3 -> (3, 254)
4 -> (19, 255)
5 -> (15, 228)
6 -> (12, 247)
7 -> (1, 240)
8 -> (13, 252)
9 -> (18, 247)
10 -> (9, 251)
11 -> (55, 265)
12 -> (68, 270)
13 -> (29, 258)
14 -> (48, 264)
15 -> (5, 240)
16 -> (6, 230)
17 -> (17, 232)
18 -> (33, 273)
19 -> (10, 228)
20 -> (8, 243)
21 -> (23, 243)
22 -> (36, 264)
23 -> (14, 246)
24 -> (38, 250)
25 -> (4, 231)
26 -> (28, 242)
27 -> (51, 251)
28 -> (73, 288)
29 -> (34, 263)
30 -> (11, 248)
31 -> (22, 239)
32 -> (50, 251)
33 -> (52, 252)
34 -> (35, 242)
35 -> (39, 258)
36 -> (20, 227)
37 -> (7, 228)
38 -> (89, 268)
39 -> (16, 242)
40 -> (46, 260)
41 -> (47, 264)
42 -> (40, 245)
43 -> (42, 257)
44 -> (75, 270)
45 -> (61, 258)
46 -> (37, 240)
47 -> (31, 248)
48 -> (111, 274)
49 -> (101, 277)
50 -> (41, 244)
51 -> (44, 238)
52 -> (32, 231)
53 -> (59, 254)
54 -> (26, 236)
55 -> (21, 238)
56 -> (27, 215)
57 -> (67, 256)
58 -> (72, 256)
59 -> (49, 242)
60 -> (69, 266)
61 -> (84, 270)
62 -> (74, 260)
63 -> (45, 237)
64 -> (87, 269)
65 -> (62, 256)
66 -> (76, 263)
67 -> (71, 255)
68 -> (60, 259)
69 -> (24, 234)
70 -> (30, 234)
71 -> (43, 230)
72 -> (85, 263)
73 -> (78, 258)
74 -> (94, 250)
75 -> (97, 260)
76 -> (65, 242)
77 -> (57, 246)
78 -> (92, 268)
79 -> (96, 273)
80 -> (110, 252)
81 -> (54, 231)
82 -> (120, 282)
83 -> (58, 225)
84 -> (56, 247)
85 -> (81, 247)
86 -> (83, 259)
87 -> (125, 263)
88 -> (100, 249)
89 -> (132, 279)
90 -> (106, 273)
91 -> (64, 232)
92 -> (121, 266)
93 -> (95, 261)
94 -> (53, 218)
95 -> (88, 244)
96 -> (91, 234)
97 -> (80, 246)
98 -> (79, 245)
99 -> (99, 253)
100 -> (66, 231)
101 -> (163, 280)
102 -> (112, 250)
103 -> (155, 289)
104 -> (63, 227)
105 -> (105, 260)
106 -> (70, 226)
107 -> (82, 242)
108 -> (93, 248)
109 -> (123, 263)
110 -> (90, 247)
111 -> (77, 231)
112 -> (126, 261)
113 -> (129, 259)
114 -> (104, 245)
115 -> (98, 249)
116 -> (135, 245)
117 -> (122, 250)
118 -> (103, 236)
119 -> (118, 245)
120 -> (148, 279)
121 -> (137, 273)
122 -> (113, 248)
123 -> (138, 263)
124 -> (128, 261)
125 -> (133, 262)
126 -> (130, 251)
127 -> (109, 243)
128 -> (146, 263)
129 -> (107, 229)
130 -> (117, 233)
131 -> (134, 260)
132 -> (115, 246)
133 -> (152, 265)
134 -> (169, 265)
135 -> (108, 246)
136 -> (145, 261)
137 -> (139, 253)
138 -> (102, 241)
139 -> (136, 255)
140 -> (114, 239)
141 -> (127, 240)
142 -> (124, 226)
143 -> (119, 235)
144 -> (165, 259)
145 -> (131, 242)
146 -> (185, 260)
147 -> (176, 264)
148 -> (141, 245)
149 -> (162, 262)
150 -> (86, 220)
151 -> (149, 256)
152 -> (147, 243)
153 -> (174, 259)
154 -> (180, 271)
155 -> (151, 245)
156 -> (143, 237)
157 -> (150, 250)
158 -> (186, 274)
159 -> (144, 237)
160 -> (158, 251)
161 -> (159, 257)
162 -> (140, 245)
163 -> (164, 251)
164 -> (196, 260)
165 -> (227, 301)
166 -> (157, 245)
167 -> (170, 259)
168 -> (183, 270)
169 -> (195, 253)
170 -> (179, 249)
171 -> (178, 257)
172 -> (167, 246)
173 -> (171, 245)
174 -> (187, 259)
175 -> (116, 218)
176 -> (189, 269)
177 -> (161, 243)
178 -> (168, 237)
179 -> (209, 265)
180 -> (166, 250)
181 -> (210, 261)
182 -> (202, 265)
183 -> (212, 270)
184 -> (181, 252)
185 -> (175, 263)
186 -> (156, 232)
187 -> (153, 234)
188 -> (205, 253)
189 -> (173, 240)
190 -> (172, 227)
191 -> (188, 241)
192 -> (197, 248)
193 -> (154, 239)
194 -> (177, 238)
195 -> (190, 256)
196 -> (192, 249)
197 -> (216, 281)
198 -> (193, 250)
199 -> (211, 272)
200 -> (194, 238)
201 -> (203, 255)
202 -> (225, 264)
203 -> (200, 243)
204 -> (214, 265)
205 -> (199, 252)
206 -> (230, 245)
207 -> (142, 209)
208 -> (217, 243)
209 -> (182, 234)
210 -> (243, 268)
211 -> (201, 232)
212 -> (232, 265)
213 -> (215, 258)
214 -> (236, 256)
215 -> (220, 246)
216 -> (234, 267)
217 -> (160, 237)
218 -> (222, 254)
219 -> (223, 244)
220 -> (221, 249)
221 -> (219, 242)
222 -> (229, 252)
223 -> (204, 235)
224 -> (252, 270)
225 -> (191, 239)
226 -> (240, 245)
227 -> (235, 248)
228 -> (233, 251)
229 -> (256, 259)
230 -> (271, 272)
231 -> (213, 241)
232 -> (245, 253)
233 -> (241, 257)
234 -> (248, 250)
235 -> (224, 248)
236 -> (237, 249)
237 -> (265, 282)
238 -> (198, 229)
239 -> (228, 260)
240 -> (253, 265)
241 -> (218, 242)
242 -> (208, 216)
243 -> (231, 225)
244 -> (238, 242)
245 -> (207, 234)
246 -> (274, 260)
247 -> (206, 233)
248 -> (251, 249)
249 -> (184, 227)
250 -> (293, 279)
251 -> (226, 236)
252 -> (281, 265)
253 -> (257, 249)
254 -> (273, 261)
255 -> (254, 254)
256 -> (290, 268)
257 -> (239, 227)
258 -> (280, 279)
259 -> (278, 259)
260 -> (255, 233)
261 -> (284, 268)
262 -> (277, 252)
263 -> (261, 264)
264 -> (299, 270)
265 -> (246, 228)
266 -> (288, 248)
267 -> (267, 251)
268 -> (269, 262)
269 -> (249, 245)
270 -> (258, 259)
271 -> (242, 247)
272 -> (262, 238)
273 -> (247, 230)
274 -> (282, 257)
275 -> (264, 235)
276 -> (244, 235)
277 -> (291, 266)
278 -> (259, 241)
279 -> (323, 286)
280 -> (292, 243)
281 -> (303, 261)
282 -> (285, 256)
283 -> (250, 235)
284 -> (294, 249)
285 -> (266, 237)
286 -> (268, 241)
287 -> (315, 275)
288 -> (260, 233)
289 -> (318, 269)
290 -> (287, 237)
291 -> (283, 253)
292 -> (295, 257)
293 -> (272, 240)
294 -> (275, 244)
295 -> (276, 227)
296 -> (289, 251)
297 -> (325, 275)
298 -> (263, 241)
299 -> (333, 274)
300 -> (312, 258)
301 -> (316, 256)
302 -> (286, 249)
303 -> (338, 269)
304 -> (301, 262)
305 -> (279, 252)
306 -> (320, 269)
307 -> (313, 259)
308 -> (270, 241)
309 -> (306, 254)
310 -> (326, 255)
311 -> (304, 245)
312 -> (317, 260)
313 -> (332, 262)
314 -> (330, 257)
315 -> (300, 250)
316 -> (305, 240)
317 -> (322, 255)
318 -> (372, 263)
319 -> (336, 245)
320 -> (298, 237)
321 -> (343, 270)
322 -> (311, 252)
323 -> (331, 262)
324 -> (351, 273)
325 -> (310, 254)
326 -> (297, 233)
327 -> (307, 245)
328 -> (308, 233)
329 -> (328, 255)
330 -> (324, 243)
331 -> (357, 273)
332 -> (321, 244)
333 -> (347, 274)
334 -> (345, 258)
335 -> (370, 255)
336 -> (368, 269)
337 -> (341, 239)
338 -> (296, 231)
339 -> (314, 243)
340 -> (335, 254)
341 -> (319, 240)
342 -> (367, 242)
343 -> (339, 242)
344 -> (302, 222)
345 -> (349, 248)
346 -> (327, 242)
347 -> (342, 254)
348 -> (366, 240)
349 -> (344, 255)
350 -> (395, 275)
351 -> (354, 250)
352 -> (359, 251)
353 -> (369, 256)
354 -> (334, 237)
355 -> (378, 260)
356 -> (309, 241)
357 -> (348, 242)
358 -> (340, 232)
359 -> (362, 251)
360 -> (358, 229)
361 -> (379, 269)
362 -> (394, 264)
363 -> (355, 234)
364 -> (382, 255)
365 -> (346, 253)
366 -> (329, 236)
367 -> (353, 228)
368 -> (376, 256)
369 -> (373, 247)
370 -> (383, 251)
371 -> (419, 271)
372 -> (402, 272)
373 -> (365, 244)
374 -> (384, 262)
375 -> (356, 226)
376 -> (381, 252)
377 -> (393, 257)
378 -> (337, 236)
379 -> (388, 254)
380 -> (401, 270)
381 -> (380, 253)
382 -> (361, 248)
383 -> (389, 244)
384 -> (399, 258)
385 -> (363, 250)
386 -> (352, 221)
387 -> (391, 245)
388 -> (350, 241)
389 -> (385, 247)
390 -> (374, 225)
391 -> (360, 236)
392 -> (414, 253)
393 -> (397, 248)
394 -> (396, 257)
395 -> (387, 244)
396 -> (410, 248)
397 -> (426, 256)
398 -> (375, 233)
399 -> (420, 244)
400 -> (417, 255)
401 -> (364, 218)
402 -> (398, 236)
403 -> (400, 250)
404 -> (403, 242)
405 -> (377, 239)
406 -> (424, 256)
407 -> (392, 267)
408 -> (386, 238)
409 -> (416, 224)
410 -> (440, 269)
411 -> (455, 272)
412 -> (406, 254)
413 -> (452, 273)
414 -> (430, 252)
415 -> (453, 279)
416 -> (427, 266)
417 -> (408, 249)
418 -> (436, 261)
419 -> (473, 288)
420 -> (433, 249)
421 -> (404, 237)
422 -> (409, 235)
423 -> (435, 264)
424 -> (371, 226)
425 -> (413, 250)
426 -> (458, 271)
427 -> (445, 262)
428 -> (412, 250)
429 -> (438, 266)
430 -> (421, 251)
431 -> (390, 254)
432 -> (467, 267)
433 -> (439, 254)
434 -> (418, 247)
435 -> (456, 265)
436 -> (428, 256)
437 -> (423, 250)
438 -> (405, 224)
439 -> (444, 260)
440 -> (429, 249)
441 -> (422, 245)
442 -> (407, 230)
443 -> (425, 257)
444 -> (437, 235)
445 -> (446, 253)
446 -> (442, 249)
447 -> (471, 260)
448 -> (411, 218)
449 -> (441, 256)
450 -> (484, 263)
451 -> (486, 258)
452 -> (449, 250)
453 -> (490, 271)
454 -> (459, 250)
455 -> (443, 239)
456 -> (472, 260)
457 -> (462, 251)
458 -> (479, 259)
459 -> (465, 250)
460 -> (481, 266)
461 -> (496, 259)
462 -> (470, 262)
463 -> (466, 239)
464 -> (457, 240)
465 -> (447, 244)
466 -> (460, 245)
467 -> (509, 262)
468 -> (434, 230)
469 -> (431, 239)
470 -> (488, 265)
471 -> (432, 233)
472 -> (448, 228)
473 -> (468, 253)
474 -> (497, 260)
475 -> (480, 255)
476 -> (450, 240)
477 -> (415, 224)
478 -> (507, 262)
479 -> (503, 264)
480 -> (506, 255)
481 -> (474, 247)
482 -> (529, 268)
483 -> (489, 258)
484 -> (463, 246)
485 -> (451, 228)
486 -> (505, 261)
487 -> (461, 251)
488 -> (516, 258)
489 -> (477, 260)
490 -> (475, 241)
491 -> (498, 243)
492 -> (476, 248)
493 -> (511, 262)
494 -> (487, 251)
495 -> (520, 263)
496 -> (523, 275)
497 -> (469, 230)
498 -> (464, 233)
499 -> (482, 235)
500 -> (519, 277)
501 -> (501, 245)
502 -> (454, 223)
503 -> (495, 256)
504 -> (518, 247)
505 -> (483, 235)
506 -> (502, 250)
507 -> (558, 286)
508 -> (540, 261)
509 -> (522, 263)
510 -> (491, 243)
511 -> (538, 251)
512 -> (515, 243)
513 -> (493, 240)
514 -> (494, 230)
515 -> (492, 230)
516 -> (485, 238)
517 -> (541, 262)
518 -> (528, 255)
519 -> (514, 256)
520 -> (513, 243)
521 -> (526, 252)
522 -> (510, 237)
523 -> (504, 252)
524 -> (532, 246)
525 -> (547, 255)
526 -> (530, 244)
527 -> (512, 228)
528 -> (517, 236)
529 -> (539, 257)
530 -> (508, 232)
531 -> (527, 242)
532 -> (556, 257)
533 -> (585, 278)
534 -> (525, 249)
535 -> (531, 241)
536 -> (533, 244)
537 -> (534, 256)
538 -> (524, 245)
539 -> (542, 258)
540 -> (478, 228)
541 -> (551, 250)
542 -> (567, 250)
543 -> (499, 224)
544 -> (582, 267)
545 -> (535, 247)
546 -> (550, 248)
547 -> (545, 253)
548 -> (546, 245)
549 -> (537, 242)
550 -> (552, 257)
551 -> (500, 219)
552 -> (576, 264)
553 -> (536, 247)
554 -> (566, 256)
555 -> (543, 245)
556 -> (587, 270)
557 -> (548, 245)
558 -> (565, 252)
559 -> (571, 243)
560 -> (568, 244)
561 -> (564, 246)
562 -> (569, 266)
563 -> (584, 254)
564 -> (563, 254)
565 -> (560, 254)
566 -> (577, 246)
567 -> (549, 247)
568 -> (521, 232)
569 -> (559, 250)
570 -> (573, 242)
571 -> (583, 258)
572 -> (574, 242)
573 -> (581, 270)
574 -> (544, 232)
575 -> (561, 248)
576 -> (555, 229)
577 -> (595, 261)
578 -> (554, 234)
579 -> (596, 257)
580 -> (593, 256)
581 -> (575, 244)
582 -> (599, 265)
583 -> (572, 247)
584 -> (598, 247)
585 -> (557, 230)
586 -> (592, 231)
587 -> (562, 241)
588 -> (586, 249)
589 -> (590, 237)
590 -> (553, 234)
591 -> (588, 247)
592 -> (570, 244)
593 -> (597, 251)
594 -> (594, 238)
595 -> (580, 230)
596 -> (589, 243)
597 -> (578, 217)
598 -> (591, 247)
599 -> (579, 227)
