0 -> (7, 247)
1 -> (34, 263)
2 -> (14, 253)
3 -> (12, 237)
4 -> (0, 247)
5 -> (15, 238)
6 -> (11, 261)
7 -> (20, 256)
8 -> (36, 251)
9 -> (27, 256)
10 -> (8, 234)
11 -> (39, 263)
12 -> (30, 252)
13 -> (18, 237)
14 -> (16, 258)
15 -> (28, 243)
16 -> (26, 236)
17 -> (31, 255)
18 -> (53, 271)
19 -> (67, 269)
20 -> (22, 246)
21 -> (5, 246)
22 -> (2, 234)
23 -> (37, 260)
24 -> (6, 219)
25 -> (50, 265)
26 -> (3, 241)
27 -> (17, 232)
28 -> (21, 249)
29 -> (35, 249)
30 -> (59, 264)
31 -> (55, 258)
32 -> (32, 246)
33 -> (51, 254)
34 -> (9, 236)
35 -> (33, 256)
36 -> (60, 264)
37 -> (1, 231)
38 -> (58, 261)
39 -> (25, 238)
40 -> (29, 247)
41 -> (41, 256)
42 -> (69, 244)
43 -> (56, 260)
44 -> (45, 256)
45 -> (10, 230)
46 -> (4, 227)
47 -> (24, 240)
48 -> (90, 275)
49 -> (43, 261)
50 -> (38, 245)
51 -> (13, 231)
52 -> (66, 249)
53 -> (79, 249)
54 -> (61, 252)
55 -> (47, 248)
56 -> (77, 275)
57 -> (44, 244)
58 -> (57, 257)
59 -> (68, 245)
60 -> (54, 247)
61 -> (23, 240)
62 -> (64, 237)
63 -> (19, 221)
64 -> (76, 260)
65 -> (40, 237)
66 -> (48, 234)
67 -> (71, 262)
68 -> (98, 249)
69 -> (75, 255)
70 -> (65, 244)
71 -> (63, 260)
72 -> (93, 262)
73 -> (46, 234)
74 -> (74, 252)
75 -> (42, 241)
76 -> (100, 266)
77 -> (52, 238)
78 -> (83, 271)
79 -> (78, 251)
80 -> (82, 252)
81 -> (85, 252)
82 -> (73, 265)
83 -> (97, 274)
84 -> (84, 251)
85 -> (88, 269)
86 -> (62, 236)
87 -> (94, 257)
88 -> (49, 223)
89 -> (89, 246)
90 -> (131, 279)
91 -> (104, 279)
92 -> (86, 247)
93 -> (108, 255)
94 -> (91, 243)
95 -> (101, 264)
96 -> (81, 235)
97 -> (103, 256)
98 -> (105, 251)
99 -> (121, 255)
100 -> (87, 253)
101 -> (114, 263)
102 -> (115, 264)
103 -> (102, 266)
104 -> (70, 242)
105 -> (134, 254)
106 -> (72, 240)
107 -> (133, 273)
108 -> (145, 272)
109 -> (117, 271)
110 -> (136, 259)
111 -> (120, 245)
112 -> (107, 242)
113 -> (129, 247)
114 -> (80, 238)
115 -> (148, 280)
116 -> (106, 249)
117 -> (130, 259)
118 -> (156, 264)
119 -> (128, 249)
120 -> (140, 269)
121 -> (144, 256)
122 -> (126, 269)
123 -> (116, 247)
124 -> (132, 257)
125 -> (112, 257)
126 -> (119, 231)
127 -> (124, 245)
128 -> (109, 233)
129 -> (123, 253)
130 -> (147, 257)
131 -> (110, 238)
132 -> (92, 248)
133 -> (166, 288)
134 -> (113, 249)
135 -> (127, 247)
136 -> (173, 273)
137 -> (96, 220)
138 -> (111, 230)
139 -> (149, 244)
140 -> (95, 227)
141 -> (125, 247)
142 -> (159, 257)
143 -> (99, 228)
144 -> (155, 267)
145 -> (122, 235)
146 -> (170, 256)
147 -> (181, 259)
148 -> (178, 265)
149 -> (151, 249)
150 -> (167, 253)
151 -> (135, 226)
152 -> (150, 244)
153 -> (162, 253)
154 -> (172, 245)
155 -> (164, 255)
156 -> (137, 234)
157 -> (143, 251)
158 -> (157, 248)
159 -> (142, 237)
160 -> (161, 248)
161 -> (153, 238)
162 -> (139, 237)
163 -> (141, 226)
164 -> (160, 248)
165 -> (179, 271)
166 -> (138, 232)
167 -> (218, 277)
168 -> (118, 227)
169 -> (194, 256)
170 -> (171, 259)
171 -> (182, 260)
172 -> (198, 252)
173 -> (192, 261)
174 -> (176, 256)
175 -> (200, 261)
176 -> (211, 254)
177 -> (163, 253)
178 -> (158, 240)
179 -> (154, 247)
180 -> (186, 256)
181 -> (187, 257)
182 -> (146, 232)
183 -> (215, 262)
184 -> (191, 263)
185 -> (184, 240)
186 -> (185, 259)
187 -> (229, 266)
188 -> (165, 247)
189 -> (195, 264)
190 -> (183, 248)
191 -> (189, 265)
192 -> (180, 237)
193 -> (236, 258)
194 -> (152, 215)
195 -> (174, 234)
196 -> (169, 236)
197 -> (222, 262)
198 -> (207, 262)
199 -> (196, 235)
200 -> (177, 244)
201 -> (193, 239)
202 -> (201, 246)
203 -> (197, 246)
204 -> (242, 271)
205 -> (221, 254)
206 -> (214, 251)
207 -> (168, 234)
208 -> (260, 266)
209 -> (225, 261)
210 -> (216, 245)
211 -> (212, 257)
212 -> (209, 251)
213 -> (206, 250)
214 -> (203, 252)
215 -> (188, 229)
216 -> (208, 239)
217 -> (230, 248)
218 -> (227, 235)
219 -> (263, 272)
220 -> (213, 239)
221 -> (175, 233)
222 -> (190, 226)
223 -> (243, 252)
224 -> (217, 247)
225 -> (248, 270)
226 -> (258, 277)
227 -> (253, 264)
228 -> (239, 251)
229 -> (234, 245)
230 -> (244, 256)
231 -> (210, 232)
232 -> (199, 224)
233 -> (231, 264)
234 -> (259, 284)
235 -> (261, 262)
236 -> (250, 243)
237 -> (232, 240)
238 -> (202, 223)
239 -> (245, 265)
240 -> (246, 257)
241 -> (252, 249)
242 -> (220, 230)
243 -> (235, 241)
244 -> (228, 228)
245 -> (204, 243)
246 -> (238, 252)
247 -> (257, 252)
248 -> (271, 261)
249 -> (249, 251)
250 -> (254, 252)
251 -> (299, 277)
252 -> (268, 266)
253 -> (275, 262)
254 -> (223, 235)
255 -> (224, 241)
256 -> (286, 274)
257 -> (280, 248)
258 -> (264, 241)
259 -> (226, 242)
260 -> (219, 225)
261 -> (237, 234)
262 -> (282, 265)
263 -> (265, 249)
264 -> (205, 225)
265 -> (256, 243)
266 -> (251, 234)
267 -> (277, 262)
268 -> (266, 253)
269 -> (241, 232)
270 -> (283, 252)
271 -> (267, 253)
272 -> (274, 261)
273 -> (292, 262)
274 -> (297, 264)
275 -> (279, 261)
276 -> (233, 217)
277 -> (293, 256)
278 -> (276, 257)
279 -> (255, 244)
280 -> (247, 244)
281 -> (278, 264)
282 -> (311, 256)
283 -> (302, 261)
284 -> (281, 252)
285 -> (307, 250)
286 -> (269, 242)
287 -> (287, 248)
288 -> (284, 252)
289 -> (305, 256)
290 -> (273, 236)
291 -> (288, 236)
292 -> (298, 256)
293 -> (294, 250)
294 -> (306, 254)
295 -> (270, 231)
296 -> (318, 272)
297 -> (331, 269)
298 -> (290, 263)
299 -> (332, 276)
300 -> (300, 250)
301 -> (296, 254)
302 -> (304, 254)
303 -> (240, 226)
304 -> (313, 263)
305 -> (312, 252)
306 -> (301, 251)
307 -> (285, 228)
308 -> (319, 255)
309 -> (303, 243)
310 -> (310, 240)
311 -> (308, 255)
312 -> (289, 254)
313 -> (338, 273)
314 -> (272, 231)
315 -> (330, 249)
316 -> (339, 262)
317 -> (295, 244)
318 -> (333, 259)
319 -> (324, 248)
320 -> (309, 238)
321 -> (354, 257)
322 -> (329, 243)
323 -> (262, 209)
324 -> (320, 232)
325 -> (350, 278)
326 -> (340, 258)
327 -> (374, 265)
328 -> (316, 262)
329 -> (323, 247)
330 -> (321, 241)
331 -> (317, 240)
332 -> (351, 267)
333 -> (341, 242)
334 -> (343, 247)
335 -> (344, 250)
336 -> (325, 246)
337 -> (336, 244)
338 -> (337, 253)
339 -> (375, 281)
340 -> (326, 235)
341 -> (347, 260)
342 -> (349, 237)
343 -> (358, 265)
344 -> (357, 262)
345 -> (371, 274)
346 -> (327, 247)
347 -> (334, 234)
348 -> (314, 223)
349 -> (345, 253)
350 -> (367, 246)
351 -> (365, 256)
352 -> (315, 232)
353 -> (361, 249)
354 -> (348, 248)
355 -> (291, 213)
356 -> (409, 289)
357 -> (356, 257)
358 -> (342, 261)
359 -> (369, 252)
360 -> (352, 243)
361 -> (384, 253)
362 -> (359, 254)
363 -> (382, 251)
364 -> (366, 252)
365 -> (346, 241)
366 -> (328, 218)
367 -> (392, 259)
368 -> (387, 251)
369 -> (353, 247)
370 -> (386, 267)
371 -> (368, 262)
372 -> (379, 251)
373 -> (377, 254)
374 -> (381, 250)
375 -> (404, 274)
376 -> (335, 222)
377 -> (364, 244)
378 -> (380, 257)
379 -> (370, 253)
380 -> (398, 254)
381 -> (322, 211)
382 -> (400, 257)
383 -> (391, 256)
384 -> (430, 278)
385 -> (362, 241)
386 -> (372, 241)
387 -> (355, 227)
388 -> (420, 269)
389 -> (406, 255)
390 -> (408, 256)
391 -> (363, 236)
392 -> (389, 252)
393 -> (395, 250)
394 -> (383, 244)
395 -> (388, 240)
396 -> (360, 242)
397 -> (376, 232)
398 -> (414, 266)
399 -> (390, 254)
400 -> (394, 246)
401 -> (399, 254)
402 -> (397, 253)
403 -> (407, 251)
404 -> (413, 256)
405 -> (405, 245)
406 -> (385, 243)
407 -> (429, 257)
408 -> (476, 288)
409 -> (410, 248)
410 -> (373, 239)
411 -> (440, 260)
412 -> (378, 244)
413 -> (438, 276)
414 -> (411, 244)
415 -> (401, 247)
416 -> (432, 251)
417 -> (423, 252)
418 -> (427, 258)
419 -> (417, 242)
420 -> (415, 239)
421 -> (402, 230)
422 -> (421, 254)
423 -> (419, 244)
424 -> (434, 252)
425 -> (437, 239)
426 -> (431, 242)
427 -> (452, 276)
428 -> (449, 260)
429 -> (424, 246)
430 -> (433, 264)
431 -> (393, 239)
432 -> (422, 237)
433 -> (436, 255)
434 -> (396, 239)
435 -> (412, 242)
436 -> (446, 240)
437 -> (435, 250)
438 -> (448, 260)
439 -> (418, 248)
440 -> (441, 252)
441 -> (459, 259)
442 -> (461, 280)
443 -> (454, 260)
444 -> (484, 267)
445 -> (425, 230)
446 -> (403, 228)
447 -> (439, 235)
448 -> (445, 242)
449 -> (467, 257)
450 -> (447, 256)
451 -> (416, 233)
452 -> (442, 238)
453 -> (451, 230)
454 -> (468, 263)
455 -> (464, 259)
456 -> (469, 265)
457 -> (443, 250)
458 -> (487, 269)
459 -> (453, 259)
460 -> (472, 263)
461 -> (463, 256)
462 -> (503, 264)
463 -> (466, 257)
464 -> (473, 255)
465 -> (471, 245)
466 -> (465, 251)
467 -> (485, 268)
468 -> (516, 268)
469 -> (460, 247)
470 -> (456, 245)
471 -> (489, 250)
472 -> (428, 229)
473 -> (455, 246)
474 -> (478, 255)
475 -> (488, 256)
476 -> (497, 263)
477 -> (450, 233)
478 -> (479, 243)
479 -> (481, 251)
480 -> (457, 240)
481 -> (492, 247)
482 -> (491, 252)
483 -> (501, 266)
484 -> (444, 221)
485 -> (499, 259)
486 -> (496, 265)
487 -> (474, 231)
488 -> (483, 241)
489 -> (507, 254)
490 -> (475, 255)
491 -> (470, 256)
492 -> (504, 248)
493 -> (490, 249)
494 -> (480, 248)
495 -> (513, 260)
496 -> (527, 268)
497 -> (426, 226)
498 -> (458, 240)
499 -> (543, 274)
500 -> (498, 244)
501 -> (510, 258)
502 -> (494, 234)
503 -> (486, 237)
504 -> (535, 276)
505 -> (526, 253)
506 -> (482, 250)
507 -> (508, 253)
508 -> (477, 230)
509 -> (500, 248)
510 -> (506, 251)
511 -> (518, 258)
512 -> (514, 247)
513 -> (521, 254)
514 -> (512, 252)
515 -> (462, 228)
516 -> (531, 266)
517 -> (495, 243)
518 -> (528, 256)
519 -> (530, 247)
520 -> (519, 250)
521 -> (522, 239)
522 -> (502, 243)
523 -> (529, 242)
524 -> (524, 247)
525 -> (520, 236)
526 -> (572, 263)
527 -> (493, 236)
528 -> (509, 215)
529 -> (561, 268)
530 -> (525, 245)
531 -> (549, 257)
532 -> (505, 225)
533 -> (550, 235)
534 -> (532, 262)
535 -> (556, 255)
536 -> (542, 252)
537 -> (548, 260)
538 -> (596, 289)
539 -> (564, 264)
540 -> (517, 229)
541 -> (554, 248)
542 -> (576, 268)
543 -> (537, 229)
544 -> (523, 233)
545 -> (569, 264)
546 -> (546, 249)
547 -> (545, 255)
548 -> (551, 240)
549 -> (563, 256)
550 -> (591, 267)
551 -> (547, 249)
552 -> (511, 235)
553 -> (567, 260)
554 -> (515, 221)
555 -> (553, 255)
556 -> (540, 242)
557 -> (541, 248)
558 -> (534, 230)
559 -> (558, 263)
560 -> (552, 253)
561 -> (533, 243)
562 -> (571, 255)
563 -> (539, 249)
564 -> (555, 246)
565 -> (601, 269)
566 -> (538, 243)
567 -> (583, 260)
568 -> (565, 239)
569 -> (544, 236)
570 -> (615, 285)
571 -> (557, 242)
572 -> (560, 252)
573 -> (619, 283)
574 -> (588, 243)
575 -> (581, 247)
576 -> (608, 271)
577 -> (574, 245)
578 -> (568, 250)
579 -> (584, 261)
580 -> (562, 237)
581 -> (586, 254)
582 -> (559, 237)
583 -> (589, 245)
584 -> (536, 230)
585 -> (585, 247)
586 -> (566, 235)
587 -> (579, 258)
588 -> (592, 268)
589 -> (582, 247)
590 -> (603, 254)
591 -> (570, 240)
592 -> (626, 258)
593 -> (573, 227)
594 -> (578, 240)
595 -> (595, 261)
596 -> (613, 265)
597 -> (607, 253)
598 -> (594, 247)
599 -> (575, 235)
600 -> (609, 254)
601 -> (602, 257)
602 -> (659, 291)
603 -> (642, 268)
604 -> (604, 238)
605 -> (629, 256)
606 -> (598, 237)
607 -> (580, 246)
608 -> (577, 234)
609 -> (611, 249)
610 -> (639, 241)
611 -> (621, 270)
612 -> (599, 238)
613 -> (616, 260)
614 -> (593, 229)
615 -> (597, 241)
616 -> (646, 259)
617 -> (623, 250)
618 -> (627, 253)
619 -> (628, 251)
620 -> (637, 261)
621 -> (620, 243)
622 -> (600, 242)
623 -> (625, 252)
624 -> (590, 254)
625 -> (638, 253)
626 -> (630, 255)
627 -> (617, 247)
628 -> (632, 248)
629 -> (654, 246)
630 -> (610, 236)
631 -> (587, 227)
632 -> (606, 249)
633 -> (648, 243)
634 -> (643, 251)
635 -> (605, 222)
636 -> (644, 253)
637 -> (624, 237)
638 -> (635, 258)
639 -> (641, 253)
640 -> (612, 239)
641 -> (675, 271)
642 -> (656, 251)
643 -> (633, 233)
644 -> (649, 249)
645 -> (634, 246)
646 -> (664, 247)
647 -> (670, 259)
648 -> (660, 260)
649 -> (665, 240)
650 -> (614, 226)
651 -> (622, 242)
652 -> (636, 237)
653 -> (655, 257)
654 -> (647, 241)
655 -> (662, 253)
656 -> (680, 272)
657 -> (645, 229)
658 -> (651, 246)
659 -> (661, 238)
660 -> (681, 245)
661 -> (631, 237)
662 -> (682, 254)
663 -> (693, 264)
664 -> (677, 250)
665 -> (650, 239)
666 -> (640, 240)
667 -> (657, 254)
668 -> (688, 254)
669 -> (698, 253)
670 -> (686, 272)
671 -> (696, 256)
672 -> (676, 268)
673 -> (683, 267)
674 -> (691, 261)
675 -> (687, 255)
676 -> (669, 240)
677 -> (695, 249)
678 -> (658, 248)
679 -> (685, 257)
680 -> (673, 239)
681 -> (618, 219)
682 -> (689, 261)
683 -> (679, 235)
684 -> (690, 236)
685 -> (697, 233)
686 -> (694, 262)
687 -> (678, 258)
688 -> (671, 242)
689 -> (668, 253)
690 -> (672, 238)
691 -> (666, 239)
692 -> (667, 229)
693 -> (653, 229)
694 -> (674, 250)
695 -> (652, 206)
696 -> (663, 233)
697 -> (699, 254)
698 -> (684, 243)
699 -> (692, 238)
