0 -> (20, 362)
1 -> (16, 396)
2 -> (19, 385)
3 -> (57, 429)
4 -> (11, 377)
5 -> (70, 434)
6 -> (72, 433)
7 -> (4, 360)
8 -> (62, 438)
9 -> (40, 396)
10 -> (21, 385)
11 -> (32, 400)
12 -> (6, 376)
13 -> (30, 416)
14 -> (49, 415)
15 -> (25, 376)
16 -> (13, 376)
17 -> (66, 413)
18 -> (18, 400)
19 -> (14, 392)
20 -> (26, 388)
21 -> (8, 391)
22 -> (31, 393)
23 -> (46, 413)
24 -> (15, 404)
25 -> (3, 369)
26 -> (24, 397)
27 -> (47, 396)
28 -> (23, 386)
29 -> (56, 422)
30 -> (0, 376)
31 -> (33, 388)
32 -> (36, 408)
33 -> (52, 413)
34 -> (35, 406)
35 -> (84, 419)
36 -> (63, 418)
37 -> (5, 394)
38 -> (9, 381)
39 -> (60, 415)
40 -> (1, 376)
41 -> (7, 363)
42 -> (12, 385)
43 -> (27, 397)
44 -> (37, 379)
45 -> (34, 396)
46 -> (55, 415)
47 -> (39, 408)
48 -> (48, 404)
49 -> (90, 419)
50 -> (10, 379)
51 -> (86, 427)
52 -> (38, 384)
53 -> (2, 370)
54 -> (73, 422)
55 -> (51, 398)
56 -> (17, 352)
57 -> (111, 427)
58 -> (43, 387)
59 -> (97, 411)
60 -> (82, 404)
61 -> (61, 394)
62 -> (29, 377)
63 -> (83, 402)
64 -> (58, 394)
65 -> (69, 390)
66 -> (67, 399)
67 -> (41, 382)
68 -> (59, 395)
69 -> (22, 372)
70 -> (28, 386)
71 -> (53, 378)
72 -> (93, 413)
73 -> (78, 407)
74 -> (45, 399)
75 -> (79, 407)
76 -> (54, 397)
77 -> (172, 464)
78 -> (64, 395)
79 -> (89, 411)
80 -> (98, 407)
81 -> (99, 413)
82 -> (68, 375)
83 -> (77, 405)
84 -> (109, 418)
85 -> (80, 411)
86 -> (107, 412)
87 -> (123, 427)
88 -> (42, 392)
89 -> (50, 376)
90 -> (105, 408)
91 -> (118, 412)
92 -> (117, 403)
93 -> (95, 401)
94 -> (81, 395)
95 -> (92, 410)
96 -> (94, 396)
97 -> (106, 392)
98 -> (102, 407)
99 -> (104, 405)
100 -> (65, 369)
101 -> (44, 367)
102 -> (124, 412)
103 -> (145, 429)
104 -> (96, 375)
105 -> (74, 377)
106 -> (88, 384)
107 -> (119, 398)
108 -> (121, 395)
109 -> (76, 380)
110 -> (141, 416)
111 -> (113, 387)
112 -> (114, 397)
113 -> (91, 391)
114 -> (100, 394)
115 -> (153, 428)
116 -> (161, 426)
117 -> (101, 397)
118 -> (116, 382)
119 -> (138, 404)
120 -> (155, 420)
121 -> (140, 418)
122 -> (115, 390)
123 -> (139, 410)
124 -> (71, 377)
125 -> (112, 396)
126 -> (120, 388)
127 -> (148, 440)
128 -> (127, 403)
129 -> (87, 399)
130 -> (160, 407)
131 -> (130, 382)
132 -> (132, 406)
133 -> (122, 406)
134 -> (151, 428)
135 -> (158, 397)
136 -> (128, 402)
137 -> (75, 379)
138 -> (103, 365)
139 -> (85, 382)
140 -> (195, 426)
141 -> (190, 421)
142 -> (110, 392)
143 -> (108, 372)
144 -> (183, 426)
145 -> (154, 414)
146 -> (149, 407)
147 -> (175, 416)
148 -> (147, 403)
149 -> (188, 424)
150 -> (135, 399)
151 -> (165, 404)
152 -> (143, 392)
153 -> (171, 408)
154 -> (181, 425)
155 -> (129, 387)
156 -> (156, 412)
157 -> (137, 409)
158 -> (136, 382)
159 -> (168, 407)
160 -> (219, 445)
161 -> (142, 381)
162 -> (144, 387)
163 -> (204, 409)
164 -> (169, 401)
165 -> (198, 437)
166 -> (162, 398)
167 -> (133, 388)
168 -> (134, 366)
169 -> (126, 377)
170 -> (131, 386)
171 -> (157, 404)
172 -> (194, 416)
173 -> (189, 393)
174 -> (187, 411)
175 -> (167, 395)
176 -> (202, 419)
177 -> (125, 366)
178 -> (206, 425)
179 -> (174, 397)
180 -> (146, 391)
181 -> (150, 403)
182 -> (163, 384)
183 -> (164, 392)
184 -> (235, 437)
185 -> (152, 387)
186 -> (173, 401)
187 -> (241, 433)
188 -> (185, 402)
189 -> (180, 386)
190 -> (216, 395)
191 -> (211, 409)
192 -> (245, 426)
193 -> (205, 395)
194 -> (259, 425)
195 -> (230, 430)
196 -> (176, 392)
197 -> (159, 390)
198 -> (197, 405)
199 -> (166, 379)
200 -> (203, 408)
201 -> (178, 380)
202 -> (222, 420)
203 -> (191, 381)
204 -> (224, 417)
205 -> (200, 412)
206 -> (232, 394)
207 -> (196, 413)
208 -> (212, 401)
209 -> (215, 415)
210 -> (233, 409)
211 -> (184, 370)
212 -> (238, 424)
213 -> (182, 400)
214 -> (253, 414)
215 -> (170, 383)
216 -> (265, 420)
217 -> (213, 391)
218 -> (242, 412)
219 -> (208, 401)
220 -> (218, 409)
221 -> (193, 365)
222 -> (256, 416)
223 -> (246, 396)
224 -> (186, 377)
225 -> (244, 405)
226 -> (237, 407)
227 -> (261, 407)
228 -> (229, 403)
229 -> (226, 397)
230 -> (207, 384)
231 -> (192, 378)
232 -> (199, 383)
233 -> (234, 403)
234 -> (201, 379)
235 -> (223, 396)
236 -> (249, 405)
237 -> (225, 382)
238 -> (227, 395)
239 -> (239, 406)
240 -> (228, 376)
241 -> (179, 361)
242 -> (209, 387)
243 -> (240, 391)
244 -> (231, 386)
245 -> (236, 378)
246 -> (220, 378)
247 -> (266, 404)
248 -> (257, 421)
249 -> (269, 405)
250 -> (286, 416)
251 -> (272, 410)
252 -> (251, 381)
253 -> (263, 417)
254 -> (291, 415)
255 -> (279, 426)
256 -> (243, 404)
257 -> (258, 403)
258 -> (275, 407)
259 -> (177, 360)
260 -> (273, 420)
261 -> (296, 406)
262 -> (255, 401)
263 -> (217, 354)
264 -> (252, 412)
265 -> (264, 396)
266 -> (250, 393)
267 -> (283, 385)
268 -> (277, 408)
269 -> (210, 369)
270 -> (268, 398)
271 -> (247, 362)
272 -> (299, 421)
273 -> (271, 399)
274 -> (214, 363)
275 -> (307, 431)
276 -> (274, 382)
277 -> (284, 417)
278 -> (310, 417)
279 -> (270, 416)
280 -> (328, 445)
281 -> (289, 400)
282 -> (294, 418)
283 -> (315, 416)
284 -> (278, 392)
285 -> (260, 378)
286 -> (267, 395)
287 -> (276, 385)
288 -> (313, 402)
289 -> (306, 409)
290 -> (308, 407)
291 -> (254, 386)
292 -> (293, 409)
293 -> (285, 397)
294 -> (280, 383)
295 -> (330, 414)
296 -> (295, 399)
297 -> (318, 444)
298 -> (221, 377)
299 -> (282, 379)
300 -> (359, 419)
301 -> (287, 383)
302 -> (292, 382)
303 -> (309, 413)
304 -> (321, 394)
305 -> (326, 423)
306 -> (304, 413)
307 -> (297, 389)
308 -> (322, 404)
309 -> (302, 400)
310 -> (314, 407)
311 -> (301, 392)
312 -> (248, 349)
313 -> (262, 387)
314 -> (346, 421)
315 -> (300, 381)
316 -> (316, 396)
317 -> (281, 396)
318 -> (305, 396)
319 -> (336, 417)
320 -> (327, 411)
321 -> (324, 400)
322 -> (335, 412)
323 -> (290, 370)
324 -> (350, 407)
325 -> (317, 392)
326 -> (325, 414)
327 -> (303, 392)
328 -> (312, 403)
329 -> (352, 413)
330 -> (353, 414)
331 -> (348, 412)
332 -> (395, 426)
333 -> (345, 406)
334 -> (320, 376)
335 -> (333, 403)
336 -> (329, 386)
337 -> (349, 394)
338 -> (354, 412)
339 -> (339, 405)
340 -> (357, 421)
341 -> (364, 408)
342 -> (363, 423)
343 -> (351, 399)
344 -> (332, 411)
345 -> (337, 391)
346 -> (341, 394)
347 -> (373, 410)
348 -> (323, 386)
349 -> (358, 423)
350 -> (288, 369)
351 -> (385, 406)
352 -> (362, 412)
353 -> (399, 430)
354 -> (340, 410)
355 -> (381, 428)
356 -> (374, 409)
357 -> (311, 375)
358 -> (365, 397)
359 -> (347, 385)
360 -> (331, 379)
361 -> (319, 382)
362 -> (343, 391)
363 -> (369, 423)
364 -> (377, 402)
365 -> (344, 401)
366 -> (387, 423)
367 -> (401, 411)
368 -> (360, 406)
369 -> (368, 400)
370 -> (342, 387)
371 -> (379, 400)
372 -> (298, 368)
373 -> (390, 412)
374 -> (371, 395)
375 -> (404, 408)
376 -> (367, 405)
377 -> (361, 397)
378 -> (411, 432)
379 -> (356, 385)
380 -> (372, 394)
381 -> (355, 386)
382 -> (338, 365)
383 -> (424, 430)
384 -> (421, 408)
385 -> (370, 410)
386 -> (388, 404)
387 -> (393, 407)
388 -> (396, 416)
389 -> (402, 416)
390 -> (383, 399)
391 -> (384, 410)
392 -> (380, 397)
393 -> (427, 404)
394 -> (334, 382)
395 -> (389, 385)
396 -> (410, 401)
397 -> (446, 427)
398 -> (415, 393)
399 -> (382, 396)
400 -> (375, 388)
401 -> (405, 405)
402 -> (449, 424)
403 -> (414, 405)
404 -> (392, 399)
405 -> (432, 417)
406 -> (448, 432)
407 -> (378, 382)
408 -> (398, 385)
409 -> (397, 376)
410 -> (409, 394)
411 -> (394, 392)
412 -> (439, 393)
413 -> (452, 423)
414 -> (413, 397)
415 -> (416, 406)
416 -> (445, 403)
417 -> (430, 393)
418 -> (428, 412)
419 -> (434, 423)
420 -> (366, 378)
421 -> (450, 406)
422 -> (436, 392)
423 -> (400, 393)
424 -> (417, 411)
425 -> (386, 390)
426 -> (403, 374)
427 -> (470, 429)
428 -> (420, 383)
429 -> (442, 402)
430 -> (431, 416)
431 -> (473, 435)
432 -> (419, 401)
433 -> (423, 403)
434 -> (406, 378)
435 -> (408, 412)
436 -> (440, 414)
437 -> (455, 395)
438 -> (391, 375)
439 -> (460, 406)
440 -> (422, 384)
441 -> (459, 399)
442 -> (479, 416)
443 -> (376, 372)
444 -> (429, 396)
445 -> (466, 403)
446 -> (481, 409)
447 -> (433, 395)
448 -> (437, 389)
449 -> (441, 398)
450 -> (425, 375)
451 -> (458, 412)
452 -> (506, 434)
453 -> (478, 404)
454 -> (426, 404)
455 -> (444, 404)
456 -> (456, 396)
457 -> (497, 414)
458 -> (418, 370)
459 -> (412, 372)
460 -> (407, 383)
461 -> (435, 377)
462 -> (443, 395)
463 -> (438, 381)
464 -> (502, 428)
465 -> (477, 409)
466 -> (463, 400)
467 -> (462, 396)
468 -> (457, 403)
469 -> (454, 385)
470 -> (447, 387)
471 -> (519, 422)
472 -> (472, 395)
473 -> (500, 406)
474 -> (451, 403)
475 -> (476, 397)
476 -> (465, 407)
477 -> (505, 421)
478 -> (509, 417)
479 -> (480, 403)
480 -> (461, 393)
481 -> (483, 401)
482 -> (487, 412)
483 -> (537, 434)
484 -> (469, 390)
485 -> (475, 396)
486 -> (467, 387)
487 -> (491, 409)
488 -> (486, 381)
489 -> (482, 425)
490 -> (504, 393)
491 -> (492, 393)
492 -> (494, 409)
493 -> (522, 410)
494 -> (577, 440)
495 -> (489, 373)
496 -> (496, 395)
497 -> (490, 410)
498 -> (520, 402)
499 -> (535, 438)
500 -> (464, 380)
501 -> (507, 427)
502 -> (468, 391)
503 -> (539, 398)
504 -> (527, 400)
505 -> (495, 376)
506 -> (471, 407)
507 -> (453, 371)
508 -> (512, 402)
509 -> (544, 427)
510 -> (541, 423)
511 -> (484, 370)
512 -> (488, 379)
513 -> (493, 390)
514 -> (510, 392)
515 -> (571, 445)
516 -> (499, 388)
517 -> (521, 404)
518 -> (517, 405)
519 -> (518, 405)
520 -> (498, 386)
521 -> (503, 402)
522 -> (513, 394)
523 -> (474, 371)
524 -> (566, 396)
525 -> (547, 417)
526 -> (534, 407)
527 -> (532, 416)
528 -> (511, 404)
529 -> (557, 421)
530 -> (546, 397)
531 -> (576, 429)
532 -> (533, 394)
533 -> (556, 413)
534 -> (485, 367)
535 -> (543, 393)
536 -> (572, 420)
537 -> (514, 422)
538 -> (552, 407)
539 -> (561, 406)
540 -> (515, 378)
541 -> (526, 407)
542 -> (587, 409)
543 -> (558, 411)
544 -> (559, 400)
545 -> (508, 372)
546 -> (560, 394)
547 -> (550, 401)
548 -> (528, 382)
549 -> (524, 384)
550 -> (563, 416)
551 -> (579, 406)
552 -> (501, 373)
553 -> (530, 389)
554 -> (538, 397)
555 -> (583, 402)
556 -> (523, 404)
557 -> (593, 426)
558 -> (545, 397)
559 -> (548, 402)
560 -> (549, 397)
561 -> (584, 412)
562 -> (568, 396)
563 -> (516, 375)
564 -> (582, 400)
565 -> (585, 410)
566 -> (525, 385)
567 -> (633, 460)
568 -> (531, 373)
569 -> (570, 392)
570 -> (553, 397)
571 -> (598, 430)
572 -> (529, 376)
573 -> (599, 409)
574 -> (567, 391)
575 -> (555, 386)
576 -> (562, 389)
577 -> (613, 390)
578 -> (588, 417)
579 -> (564, 387)
580 -> (574, 408)
581 -> (608, 419)
582 -> (635, 418)
583 -> (565, 386)
584 -> (640, 432)
585 -> (590, 399)
586 -> (536, 363)
587 -> (621, 420)
588 -> (581, 414)
589 -> (542, 368)
590 -> (605, 408)
591 -> (609, 429)
592 -> (611, 418)
593 -> (612, 395)
594 -> (597, 399)
595 -> (628, 406)
596 -> (616, 426)
597 -> (594, 409)
598 -> (624, 394)
599 -> (595, 403)
600 -> (575, 390)
601 -> (592, 381)
602 -> (625, 409)
603 -> (643, 423)
604 -> (554, 370)
605 -> (600, 385)
606 -> (601, 394)
607 -> (637, 407)
608 -> (589, 395)
609 -> (540, 369)
610 -> (578, 382)
611 -> (645, 402)
612 -> (604, 379)
613 -> (693, 433)
614 -> (650, 426)
615 -> (615, 379)
616 -> (630, 405)
617 -> (619, 391)
618 -> (627, 398)
619 -> (602, 398)
620 -> (668, 423)
621 -> (586, 382)
622 -> (580, 391)
623 -> (623, 392)
624 -> (632, 414)
625 -> (618, 399)
626 -> (620, 389)
627 -> (606, 383)
628 -> (663, 414)
629 -> (622, 394)
630 -> (670, 418)
631 -> (573, 378)
632 -> (614, 384)
633 -> (665, 414)
634 -> (610, 391)
635 -> (596, 372)
636 -> (651, 404)
637 -> (656, 417)
638 -> (617, 378)
639 -> (629, 374)
640 -> (591, 353)
641 -> (646, 391)
642 -> (664, 401)
643 -> (652, 406)
644 -> (676, 422)
645 -> (667, 407)
646 -> (683, 407)
647 -> (644, 397)
648 -> (658, 401)
649 -> (659, 412)
650 -> (649, 415)
651 -> (551, 375)
652 -> (673, 403)
653 -> (675, 422)
654 -> (657, 411)
655 -> (636, 372)
656 -> (569, 356)
657 -> (607, 364)
658 -> (662, 388)
659 -> (653, 395)
660 -> (626, 397)
661 -> (731, 430)
662 -> (707, 401)
663 -> (661, 414)
664 -> (639, 395)
665 -> (642, 396)
666 -> (672, 406)
667 -> (654, 390)
668 -> (638, 374)
669 -> (687, 430)
670 -> (666, 391)
671 -> (603, 372)
672 -> (677, 407)
673 -> (711, 416)
674 -> (647, 408)
675 -> (641, 372)
676 -> (685, 393)
677 -> (698, 408)
678 -> (690, 406)
679 -> (631, 382)
680 -> (696, 412)
681 -> (706, 410)
682 -> (684, 388)
683 -> (671, 404)
684 -> (660, 404)
685 -> (724, 417)
686 -> (714, 427)
687 -> (634, 361)
688 -> (743, 413)
689 -> (674, 392)
690 -> (745, 428)
691 -> (648, 391)
692 -> (678, 400)
693 -> (703, 405)
694 -> (694, 400)
695 -> (708, 427)
696 -> (679, 378)
697 -> (702, 408)
698 -> (765, 432)
699 -> (682, 396)
700 -> (686, 377)
701 -> (723, 421)
702 -> (699, 402)
703 -> (719, 409)
704 -> (726, 408)
705 -> (669, 365)
706 -> (720, 406)
707 -> (688, 392)
708 -> (701, 402)
709 -> (655, 385)
710 -> (692, 390)
711 -> (689, 400)
712 -> (739, 416)
713 -> (691, 384)
714 -> (746, 401)
715 -> (705, 390)
716 -> (700, 394)
717 -> (697, 406)
718 -> (704, 399)
719 -> (735, 402)
720 -> (762, 422)
721 -> (730, 382)
722 -> (757, 418)
723 -> (681, 388)
724 -> (728, 401)
725 -> (695, 386)
726 -> (737, 403)
727 -> (729, 396)
728 -> (758, 429)
729 -> (782, 420)
730 -> (709, 391)
731 -> (749, 415)
732 -> (721, 407)
733 -> (712, 399)
734 -> (778, 427)
735 -> (751, 397)
736 -> (716, 381)
737 -> (718, 394)
738 -> (759, 404)
739 -> (710, 392)
740 -> (740, 404)
741 -> (750, 404)
742 -> (722, 387)
743 -> (753, 396)
744 -> (741, 391)
745 -> (756, 411)
746 -> (785, 429)
747 -> (742, 393)
748 -> (738, 387)
749 -> (764, 419)
750 -> (798, 429)
751 -> (736, 417)
752 -> (769, 410)
753 -> (733, 394)
754 -> (752, 400)
755 -> (725, 389)
756 -> (734, 382)
757 -> (760, 417)
758 -> (727, 390)
759 -> (715, 377)
760 -> (713, 389)
761 -> (791, 423)
762 -> (796, 430)
763 -> (774, 400)
764 -> (776, 392)
765 -> (747, 387)
766 -> (805, 431)
767 -> (732, 377)
768 -> (744, 398)
769 -> (680, 383)
770 -> (763, 408)
771 -> (784, 412)
772 -> (819, 431)
773 -> (789, 411)
774 -> (816, 421)
775 -> (761, 386)
776 -> (801, 401)
777 -> (766, 395)
778 -> (768, 398)
779 -> (772, 415)
780 -> (755, 384)
781 -> (806, 425)
782 -> (792, 416)
783 -> (794, 407)
784 -> (780, 371)
785 -> (717, 366)
786 -> (818, 410)
787 -> (823, 422)
788 -> (775, 395)
789 -> (783, 392)
790 -> (809, 412)
791 -> (838, 412)
792 -> (797, 400)
793 -> (779, 377)
794 -> (786, 389)
795 -> (771, 376)
796 -> (842, 432)
797 -> (793, 412)
798 -> (799, 405)
799 -> (773, 379)
800 -> (748, 389)
801 -> (825, 412)
802 -> (822, 418)
803 -> (852, 427)
804 -> (807, 382)
805 -> (777, 392)
806 -> (781, 387)
807 -> (821, 423)
808 -> (811, 383)
809 -> (814, 403)
810 -> (767, 388)
811 -> (800, 399)
812 -> (795, 373)
813 -> (902, 452)
814 -> (754, 381)
815 -> (829, 415)
816 -> (827, 406)
817 -> (808, 393)
818 -> (815, 404)
819 -> (834, 426)
820 -> (896, 435)
821 -> (788, 380)
822 -> (856, 425)
823 -> (803, 402)
824 -> (863, 425)
825 -> (848, 427)
826 -> (839, 397)
827 -> (846, 417)
828 -> (835, 384)
829 -> (812, 398)
830 -> (830, 398)
831 -> (840, 422)
832 -> (844, 402)
833 -> (857, 412)
834 -> (804, 410)
835 -> (847, 399)
836 -> (826, 409)
837 -> (824, 392)
838 -> (787, 374)
839 -> (850, 406)
840 -> (817, 383)
841 -> (861, 406)
842 -> (828, 396)
843 -> (810, 393)
844 -> (898, 435)
845 -> (843, 391)
846 -> (790, 378)
847 -> (841, 397)
848 -> (860, 400)
849 -> (820, 389)
850 -> (770, 354)
851 -> (858, 420)
852 -> (832, 393)
853 -> (831, 394)
854 -> (919, 439)
855 -> (813, 365)
856 -> (875, 412)
857 -> (877, 415)
858 -> (802, 366)
859 -> (864, 386)
860 -> (887, 418)
861 -> (901, 419)
862 -> (873, 406)
863 -> (859, 391)
864 -> (893, 420)
865 -> (866, 393)
866 -> (872, 397)
867 -> (837, 388)
868 -> (955, 456)
869 -> (833, 390)
870 -> (853, 427)
871 -> (867, 423)
872 -> (905, 427)
873 -> (854, 385)
874 -> (870, 392)
875 -> (851, 400)
876 -> (880, 398)
877 -> (914, 416)
878 -> (913, 426)
879 -> (884, 402)
880 -> (862, 394)
881 -> (836, 356)
882 -> (882, 405)
883 -> (890, 396)
884 -> (886, 406)
885 -> (869, 395)
886 -> (910, 421)
887 -> (845, 378)
888 -> (888, 399)
889 -> (879, 412)
890 -> (868, 384)
891 -> (871, 401)
892 -> (900, 387)
893 -> (876, 403)
894 -> (922, 417)
895 -> (874, 375)
896 -> (934, 413)
897 -> (917, 414)
898 -> (924, 410)
899 -> (936, 436)
900 -> (909, 403)
901 -> (894, 387)
902 -> (883, 381)
903 -> (849, 381)
904 -> (927, 417)
905 -> (881, 382)
906 -> (928, 416)
907 -> (956, 441)
908 -> (897, 396)
909 -> (892, 382)
910 -> (911, 418)
911 -> (906, 380)
912 -> (991, 432)
913 -> (907, 404)
914 -> (940, 412)
915 -> (891, 388)
916 -> (855, 370)
917 -> (975, 437)
918 -> (938, 410)
919 -> (916, 410)
920 -> (885, 376)
921 -> (920, 397)
922 -> (889, 372)
923 -> (996, 426)
924 -> (942, 412)
925 -> (966, 417)
926 -> (895, 395)
927 -> (921, 393)
928 -> (865, 382)
929 -> (908, 379)
930 -> (952, 415)
931 -> (918, 395)
932 -> (899, 396)
933 -> (925, 401)
934 -> (970, 411)
935 -> (954, 402)
936 -> (958, 404)
937 -> (935, 414)
938 -> (945, 415)
939 -> (985, 421)
940 -> (904, 384)
941 -> (912, 403)
942 -> (932, 389)
943 -> (995, 402)
944 -> (947, 406)
945 -> (943, 401)
946 -> (926, 368)
947 -> (946, 393)
948 -> (937, 395)
949 -> (994, 415)
950 -> (962, 418)
951 -> (949, 412)
952 -> (971, 405)
953 -> (944, 399)
954 -> (903, 377)
955 -> (878, 345)
956 -> (960, 402)
957 -> (933, 387)
958 -> (951, 397)
959 -> (915, 385)
960 -> (989, 431)
961 -> (965, 414)
962 -> (967, 395)
963 -> (931, 390)
964 -> (957, 400)
965 -> (983, 399)
966 -> (974, 423)
967 -> (987, 399)
968 -> (923, 382)
969 -> (941, 362)
970 -> (997, 404)
971 -> (998, 397)
972 -> (929, 385)
973 -> (981, 394)
974 -> (963, 405)
975 -> (948, 386)
976 -> (964, 388)
977 -> (939, 361)
978 -> (977, 396)
979 -> (984, 409)
980 -> (982, 397)
981 -> (990, 391)
982 -> (953, 369)
983 -> (950, 398)
984 -> (976, 392)
985 -> (968, 399)
986 -> (980, 387)
987 -> (969, 377)
988 -> (961, 379)
989 -> (993, 399)
990 -> (978, 382)
991 -> (988, 383)
992 -> (992, 385)
993 -> (999, 372)
994 -> (930, 367)
995 -> (979, 384)
996 -> (986, 377)
997 -> (959, 385)
998 -> (973, 360)
999 -> (972, 398)
