0 -> (3, 342)
1 -> (26, 396)
2 -> (6, 356)
3 -> (1, 369)
4 -> (62, 406)
5 -> (21, 363)
6 -> (0, 361)
7 -> (37, 401)
8 -> (32, 367)
9 -> (67, 386)
10 -> (5, 359)
11 -> (15, 375)
12 -> (58, 409)
13 -> (10, 377)
14 -> (36, 391)
15 -> (14, 385)
16 -> (42, 365)
17 -> (24, 373)
18 -> (7, 368)
19 -> (38, 381)
20 -> (9, 347)
21 -> (25, 378)
22 -> (95, 421)
23 -> (33, 379)
24 -> (77, 401)
25 -> (2, 345)
26 -> (49, 379)
27 -> (8, 364)
28 -> (20, 349)
29 -> (11, 365)
30 -> (53, 404)
31 -> (13, 368)
32 -> (19, 351)
33 -> (79, 394)
34 -> (55, 388)
35 -> (18, 368)
36 -> (29, 375)
37 -> (41, 364)
38 -> (69, 391)
39 -> (30, 364)
40 -> (45, 383)
41 -> (43, 394)
42 -> (4, 359)
43 -> (17, 344)
44 -> (35, 374)
45 -> (78, 401)
46 -> (16, 368)
47 -> (52, 385)
48 -> (48, 374)
49 -> (66, 387)
50 -> (51, 389)
51 -> (75, 392)
52 -> (71, 386)
53 -> (39, 359)
54 -> (44, 373)
55 -> (80, 376)
56 -> (61, 395)
57 -> (28, 352)
58 -> (54, 367)
59 -> (12, 358)
60 -> (74, 389)
61 -> (70, 372)
62 -> (46, 362)
63 -> (83, 388)
64 -> (27, 368)
65 -> (59, 374)
66 -> (40, 359)
67 -> (90, 394)
68 -> (57, 365)
69 -> (99, 389)
70 -> (23, 344)
71 -> (65, 355)
72 -> (72, 374)
73 -> (76, 387)
74 -> (100, 400)
75 -> (81, 379)
76 -> (92, 392)
77 -> (115, 392)
78 -> (116, 406)
79 -> (86, 365)
80 -> (106, 403)
81 -> (56, 353)
82 -> (34, 349)
83 -> (137, 406)
84 -> (31, 334)
85 -> (88, 373)
86 -> (97, 395)
87 -> (118, 399)
88 -> (60, 372)
89 -> (130, 391)
90 -> (120, 388)
91 -> (104, 375)
92 -> (87, 374)
93 -> (157, 424)
94 -> (109, 385)
95 -> (93, 374)
96 -> (84, 363)
97 -> (112, 387)
98 -> (111, 360)
99 -> (113, 406)
100 -> (132, 403)
101 -> (64, 361)
102 -> (47, 343)
103 -> (73, 344)
104 -> (91, 370)
105 -> (135, 383)
106 -> (82, 349)
107 -> (89, 366)
108 -> (102, 380)
109 -> (123, 382)
110 -> (105, 369)
111 -> (156, 391)
112 -> (117, 386)
113 -> (96, 372)
114 -> (68, 364)
115 -> (153, 409)
116 -> (110, 371)
117 -> (98, 360)
118 -> (121, 365)
119 -> (114, 370)
120 -> (128, 369)
121 -> (22, 306)
122 -> (63, 353)
123 -> (122, 386)
124 -> (136, 378)
125 -> (161, 398)
126 -> (50, 337)
127 -> (138, 369)
128 -> (133, 380)
129 -> (125, 370)
130 -> (108, 353)
131 -> (127, 352)
132 -> (85, 340)
133 -> (94, 355)
134 -> (141, 383)
135 -> (155, 380)
136 -> (119, 367)
137 -> (103, 355)
138 -> (131, 367)
139 -> (179, 382)
140 -> (148, 382)
141 -> (167, 392)
142 -> (146, 389)
143 -> (107, 372)
144 -> (171, 402)
145 -> (140, 378)
146 -> (145, 382)
147 -> (177, 385)
148 -> (126, 370)
149 -> (163, 391)
150 -> (154, 379)
151 -> (158, 386)
152 -> (134, 379)
153 -> (124, 371)
154 -> (142, 378)
155 -> (169, 371)
156 -> (173, 379)
157 -> (207, 406)
158 -> (152, 375)
159 -> (143, 360)
160 -> (191, 400)
161 -> (172, 392)
162 -> (168, 391)
163 -> (129, 356)
164 -> (159, 375)
165 -> (175, 377)
166 -> (216, 407)
167 -> (214, 386)
168 -> (217, 400)
169 -> (202, 398)
170 -> (176, 374)
171 -> (199, 395)
172 -> (149, 372)
173 -> (205, 391)
174 -> (162, 373)
175 -> (144, 361)
176 -> (165, 383)
177 -> (151, 377)
178 -> (170, 360)
179 -> (201, 366)
180 -> (174, 385)
181 -> (101, 336)
182 -> (194, 382)
183 -> (192, 383)
184 -> (166, 351)
185 -> (204, 383)
186 -> (188, 375)
187 -> (147, 340)
188 -> (230, 396)
189 -> (184, 383)
190 -> (190, 374)
191 -> (212, 379)
192 -> (185, 360)
193 -> (186, 381)
194 -> (139, 351)
195 -> (181, 359)
196 -> (208, 375)
197 -> (183, 381)
198 -> (182, 365)
199 -> (187, 382)
200 -> (197, 370)
201 -> (228, 376)
202 -> (196, 364)
203 -> (252, 411)
204 -> (215, 380)
205 -> (232, 390)
206 -> (195, 362)
207 -> (223, 388)
208 -> (193, 385)
209 -> (266, 405)
210 -> (198, 385)
211 -> (203, 374)
212 -> (257, 401)
213 -> (218, 373)
214 -> (150, 360)
215 -> (180, 347)
216 -> (200, 353)
217 -> (219, 368)
218 -> (242, 415)
219 -> (221, 372)
220 -> (249, 372)
221 -> (236, 389)
222 -> (164, 343)
223 -> (282, 397)
224 -> (244, 377)
225 -> (231, 388)
226 -> (253, 393)
227 -> (189, 354)
228 -> (178, 337)
229 -> (206, 346)
230 -> (160, 349)
231 -> (211, 358)
232 -> (247, 395)
233 -> (246, 377)
234 -> (224, 364)
235 -> (220, 362)
236 -> (234, 378)
237 -> (262, 380)
238 -> (225, 359)
239 -> (271, 391)
240 -> (213, 357)
241 -> (222, 374)
242 -> (227, 380)
243 -> (237, 366)
244 -> (261, 403)
245 -> (289, 407)
246 -> (229, 361)
247 -> (239, 374)
248 -> (272, 391)
249 -> (233, 364)
250 -> (270, 389)
251 -> (276, 395)
252 -> (260, 372)
253 -> (209, 348)
254 -> (240, 357)
255 -> (235, 354)
256 -> (323, 409)
257 -> (210, 334)
258 -> (256, 361)
259 -> (278, 395)
260 -> (226, 362)
261 -> (241, 376)
262 -> (255, 373)
263 -> (263, 363)
264 -> (277, 368)
265 -> (316, 411)
266 -> (259, 358)
267 -> (258, 375)
268 -> (254, 359)
269 -> (274, 375)
270 -> (267, 370)
271 -> (250, 375)
272 -> (286, 389)
273 -> (317, 385)
274 -> (326, 403)
275 -> (320, 411)
276 -> (245, 367)
277 -> (338, 395)
278 -> (238, 344)
279 -> (280, 381)
280 -> (248, 360)
281 -> (293, 385)
282 -> (299, 388)
283 -> (307, 388)
284 -> (243, 355)
285 -> (269, 360)
286 -> (363, 421)
287 -> (301, 384)
288 -> (265, 359)
289 -> (273, 381)
290 -> (344, 402)
291 -> (281, 374)
292 -> (268, 359)
293 -> (251, 360)
294 -> (321, 398)
295 -> (302, 360)
296 -> (292, 369)
297 -> (306, 388)
298 -> (285, 369)
299 -> (305, 397)
300 -> (298, 365)
301 -> (311, 382)
302 -> (325, 380)
303 -> (308, 393)
304 -> (291, 380)
305 -> (343, 389)
306 -> (288, 373)
307 -> (279, 343)
308 -> (345, 390)
309 -> (322, 381)
310 -> (303, 385)
311 -> (309, 384)
312 -> (283, 381)
313 -> (264, 349)
314 -> (319, 375)
315 -> (328, 394)
316 -> (350, 387)
317 -> (348, 408)
318 -> (332, 380)
319 -> (313, 386)
320 -> (294, 392)
321 -> (312, 379)
322 -> (275, 354)
323 -> (290, 363)
324 -> (327, 367)
325 -> (333, 389)
326 -> (296, 357)
327 -> (337, 387)
328 -> (336, 392)
329 -> (300, 364)
330 -> (297, 372)
331 -> (318, 371)
332 -> (375, 389)
333 -> (287, 353)
334 -> (346, 383)
335 -> (334, 385)
336 -> (314, 373)
337 -> (351, 386)
338 -> (330, 371)
339 -> (368, 406)
340 -> (356, 375)
341 -> (339, 387)
342 -> (295, 367)
343 -> (284, 372)
344 -> (315, 376)
345 -> (341, 360)
346 -> (355, 378)
347 -> (362, 385)
348 -> (352, 369)
349 -> (364, 390)
350 -> (383, 380)
351 -> (365, 384)
352 -> (310, 349)
353 -> (394, 400)
354 -> (347, 355)
355 -> (391, 397)
356 -> (374, 376)
357 -> (367, 379)
358 -> (353, 376)
359 -> (372, 377)
360 -> (369, 378)
361 -> (329, 353)
362 -> (361, 386)
363 -> (413, 389)
364 -> (349, 386)
365 -> (354, 373)
366 -> (373, 401)
367 -> (389, 378)
368 -> (359, 370)
369 -> (414, 377)
370 -> (381, 389)
371 -> (420, 399)
372 -> (335, 371)
373 -> (304, 352)
374 -> (397, 385)
375 -> (409, 401)
376 -> (366, 365)
377 -> (378, 360)
378 -> (411, 393)
379 -> (430, 402)
380 -> (324, 361)
381 -> (360, 381)
382 -> (396, 387)
383 -> (382, 369)
384 -> (340, 345)
385 -> (390, 379)
386 -> (434, 409)
387 -> (331, 353)
388 -> (376, 379)
389 -> (388, 353)
390 -> (342, 355)
391 -> (377, 371)
392 -> (357, 353)
393 -> (426, 382)
394 -> (371, 368)
395 -> (408, 386)
396 -> (424, 365)
397 -> (393, 364)
398 -> (423, 389)
399 -> (398, 374)
400 -> (402, 366)
401 -> (412, 374)
402 -> (379, 357)
403 -> (422, 380)
404 -> (406, 385)
405 -> (448, 405)
406 -> (386, 354)
407 -> (385, 373)
408 -> (384, 380)
409 -> (401, 371)
410 -> (395, 358)
411 -> (358, 332)
412 -> (380, 361)
413 -> (416, 375)
414 -> (459, 409)
415 -> (439, 390)
416 -> (370, 333)
417 -> (407, 348)
418 -> (427, 373)
419 -> (436, 372)
420 -> (488, 392)
421 -> (410, 376)
422 -> (444, 402)
423 -> (418, 374)
424 -> (419, 363)
425 -> (431, 363)
426 -> (387, 344)
427 -> (442, 370)
428 -> (438, 380)
429 -> (464, 386)
430 -> (477, 393)
431 -> (425, 356)
432 -> (486, 415)
433 -> (404, 364)
434 -> (454, 382)
435 -> (480, 397)
436 -> (435, 370)
437 -> (446, 390)
438 -> (449, 369)
439 -> (403, 362)
440 -> (421, 364)
441 -> (399, 346)
442 -> (470, 376)
443 -> (400, 355)
444 -> (462, 379)
445 -> (392, 337)
446 -> (458, 376)
447 -> (429, 367)
448 -> (405, 357)
449 -> (417, 349)
450 -> (451, 378)
451 -> (492, 412)
452 -> (432, 353)
453 -> (463, 380)
454 -> (453, 383)
455 -> (415, 353)
456 -> (468, 376)
457 -> (433, 369)
458 -> (455, 367)
459 -> (493, 384)
460 -> (445, 364)
461 -> (428, 363)
462 -> (483, 385)
463 -> (482, 369)
464 -> (461, 386)
465 -> (443, 385)
466 -> (456, 374)
467 -> (515, 399)
468 -> (441, 373)
469 -> (536, 407)
470 -> (440, 338)
471 -> (472, 381)
472 -> (479, 386)
473 -> (457, 353)
474 -> (500, 395)
475 -> (473, 367)
476 -> (499, 395)
477 -> (481, 373)
478 -> (512, 390)
479 -> (450, 363)
480 -> (475, 376)
481 -> (467, 369)
482 -> (474, 364)
483 -> (478, 380)
484 -> (452, 352)
485 -> (523, 400)
486 -> (485, 374)
487 -> (484, 380)
488 -> (511, 390)
489 -> (447, 347)
490 -> (466, 341)
491 -> (542, 406)
492 -> (437, 349)
493 -> (510, 372)
494 -> (545, 401)
495 -> (569, 419)
496 -> (487, 387)
497 -> (534, 400)
498 -> (496, 384)
499 -> (506, 383)
500 -> (469, 353)
501 -> (526, 384)
502 -> (514, 376)
503 -> (460, 362)
504 -> (491, 364)
505 -> (504, 387)
506 -> (465, 352)
507 -> (494, 362)
508 -> (502, 369)
509 -> (561, 397)
510 -> (513, 368)
511 -> (508, 375)
512 -> (507, 376)
513 -> (471, 366)
514 -> (489, 351)
515 -> (524, 370)
516 -> (520, 383)
517 -> (517, 397)
518 -> (522, 379)
519 -> (501, 377)
520 -> (565, 391)
521 -> (503, 371)
522 -> (495, 364)
523 -> (497, 375)
524 -> (533, 387)
525 -> (476, 356)
526 -> (490, 373)
527 -> (519, 357)
528 -> (544, 409)
529 -> (516, 363)
530 -> (548, 385)
531 -> (529, 371)
532 -> (527, 387)
533 -> (551, 367)
534 -> (606, 409)
535 -> (521, 366)
536 -> (555, 371)
537 -> (580, 389)
538 -> (541, 370)
539 -> (540, 353)
540 -> (535, 370)
541 -> (539, 375)
542 -> (505, 382)
543 -> (553, 385)
544 -> (531, 368)
545 -> (596, 404)
546 -> (557, 377)
547 -> (550, 372)
548 -> (571, 390)
549 -> (525, 357)
550 -> (559, 386)
551 -> (509, 338)
552 -> (560, 379)
553 -> (528, 356)
554 -> (611, 404)
555 -> (538, 365)
556 -> (586, 397)
557 -> (532, 366)
558 -> (543, 376)
559 -> (547, 353)
560 -> (573, 373)
561 -> (568, 351)
562 -> (562, 375)
563 -> (613, 413)
564 -> (610, 396)
565 -> (498, 341)
566 -> (546, 368)
567 -> (584, 390)
568 -> (563, 367)
569 -> (530, 354)
570 -> (549, 369)
571 -> (570, 355)
572 -> (575, 385)
573 -> (518, 346)
574 -> (537, 349)
575 -> (556, 385)
576 -> (604, 378)
577 -> (602, 389)
578 -> (572, 364)
579 -> (567, 385)
580 -> (590, 376)
581 -> (579, 368)
582 -> (552, 360)
583 -> (609, 386)
584 -> (605, 389)
585 -> (587, 370)
586 -> (603, 378)
587 -> (554, 371)
588 -> (558, 348)
589 -> (577, 379)
590 -> (582, 372)
591 -> (566, 368)
592 -> (616, 388)
593 -> (564, 362)
594 -> (599, 376)
595 -> (597, 385)
596 -> (632, 392)
597 -> (601, 364)
598 -> (595, 365)
599 -> (612, 368)
600 -> (618, 400)
601 -> (628, 393)
602 -> (607, 361)
603 -> (630, 402)
604 -> (615, 377)
605 -> (640, 404)
606 -> (574, 357)
607 -> (623, 383)
608 -> (594, 382)
609 -> (624, 378)
610 -> (638, 392)
611 -> (662, 406)
612 -> (592, 357)
613 -> (588, 356)
614 -> (578, 354)
615 -> (622, 372)
616 -> (636, 382)
617 -> (593, 356)
618 -> (644, 373)
619 -> (633, 374)
620 -> (585, 338)
621 -> (591, 362)
622 -> (614, 367)
623 -> (583, 342)
624 -> (655, 385)
625 -> (576, 362)
626 -> (621, 390)
627 -> (629, 393)
628 -> (643, 384)
629 -> (661, 384)
630 -> (659, 392)
631 -> (620, 386)
632 -> (634, 385)
633 -> (598, 364)
634 -> (667, 391)
635 -> (639, 378)
636 -> (656, 377)
637 -> (642, 386)
638 -> (650, 384)
639 -> (678, 397)
640 -> (619, 365)
641 -> (581, 340)
642 -> (648, 376)
643 -> (608, 351)
644 -> (660, 390)
645 -> (647, 375)
646 -> (653, 369)
647 -> (641, 385)
648 -> (654, 391)
649 -> (589, 333)
650 -> (626, 381)
651 -> (690, 398)
652 -> (627, 372)
653 -> (670, 393)
654 -> (682, 413)
655 -> (657, 366)
656 -> (625, 363)
657 -> (600, 340)
658 -> (671, 375)
659 -> (687, 403)
660 -> (738, 440)
661 -> (694, 397)
662 -> (649, 349)
663 -> (631, 364)
664 -> (675, 378)
665 -> (645, 364)
666 -> (637, 374)
667 -> (689, 384)
668 -> (635, 359)
669 -> (688, 374)
670 -> (663, 362)
671 -> (673, 367)
672 -> (672, 384)
673 -> (677, 377)
674 -> (693, 381)
675 -> (679, 372)
676 -> (668, 379)
677 -> (617, 340)
678 -> (658, 371)
679 -> (686, 372)
680 -> (722, 394)
681 -> (718, 390)
682 -> (652, 361)
683 -> (691, 374)
684 -> (699, 382)
685 -> (721, 393)
686 -> (710, 375)
687 -> (684, 355)
688 -> (698, 389)
689 -> (685, 374)
690 -> (674, 377)
691 -> (701, 382)
692 -> (646, 355)
693 -> (680, 352)
694 -> (735, 408)
695 -> (703, 391)
696 -> (716, 399)
697 -> (707, 391)
698 -> (651, 363)
699 -> (696, 382)
700 -> (730, 397)
701 -> (715, 387)
702 -> (695, 370)
703 -> (739, 400)
704 -> (683, 363)
705 -> (714, 385)
706 -> (708, 375)
707 -> (723, 392)
708 -> (676, 372)
709 -> (697, 375)
710 -> (752, 407)
711 -> (666, 357)
712 -> (726, 373)
713 -> (732, 374)
714 -> (712, 377)
715 -> (720, 385)
716 -> (745, 390)
717 -> (742, 384)
718 -> (665, 345)
719 -> (724, 358)
720 -> (681, 351)
721 -> (741, 367)
722 -> (740, 384)
723 -> (733, 376)
724 -> (702, 370)
725 -> (719, 373)
726 -> (692, 354)
727 -> (727, 372)
728 -> (713, 353)
729 -> (711, 373)
730 -> (664, 345)
731 -> (747, 385)
732 -> (709, 353)
733 -> (736, 381)
734 -> (705, 365)
735 -> (743, 372)
736 -> (775, 388)
737 -> (797, 403)
738 -> (767, 374)
739 -> (717, 366)
740 -> (700, 352)
741 -> (768, 391)
742 -> (704, 343)
743 -> (771, 378)
744 -> (818, 417)
745 -> (731, 374)
746 -> (773, 384)
747 -> (737, 368)
748 -> (751, 362)
749 -> (761, 371)
750 -> (744, 373)
751 -> (804, 404)
752 -> (748, 386)
753 -> (794, 404)
754 -> (758, 383)
755 -> (822, 398)
756 -> (782, 393)
757 -> (774, 378)
758 -> (755, 365)
759 -> (728, 356)
760 -> (725, 366)
761 -> (746, 371)
762 -> (750, 373)
763 -> (763, 370)
764 -> (669, 336)
765 -> (805, 400)
766 -> (706, 352)
767 -> (826, 394)
768 -> (753, 371)
769 -> (757, 386)
770 -> (749, 374)
771 -> (788, 385)
772 -> (795, 389)
773 -> (786, 381)
774 -> (809, 389)
775 -> (781, 401)
776 -> (760, 374)
777 -> (777, 361)
778 -> (769, 380)
779 -> (762, 373)
780 -> (754, 378)
781 -> (776, 373)
782 -> (734, 347)
783 -> (791, 380)
784 -> (853, 399)
785 -> (766, 372)
786 -> (810, 384)
787 -> (783, 366)
788 -> (770, 392)
789 -> (801, 400)
790 -> (756, 363)
791 -> (784, 378)
792 -> (787, 364)
793 -> (815, 426)
794 -> (807, 395)
795 -> (843, 391)
796 -> (772, 372)
797 -> (778, 362)
798 -> (759, 360)
799 -> (833, 378)
800 -> (814, 380)
801 -> (802, 357)
802 -> (824, 403)
803 -> (842, 398)
804 -> (798, 392)
805 -> (729, 355)
806 -> (799, 357)
807 -> (821, 369)
808 -> (819, 383)
809 -> (812, 352)
810 -> (789, 372)
811 -> (806, 356)
812 -> (832, 379)
813 -> (780, 359)
814 -> (830, 406)
815 -> (764, 344)
816 -> (837, 375)
817 -> (823, 371)
818 -> (858, 403)
819 -> (796, 384)
820 -> (793, 371)
821 -> (800, 359)
822 -> (836, 364)
823 -> (855, 375)
824 -> (857, 392)
825 -> (785, 345)
826 -> (790, 356)
827 -> (852, 381)
828 -> (856, 381)
829 -> (808, 367)
830 -> (875, 395)
831 -> (816, 361)
832 -> (846, 372)
833 -> (854, 379)
834 -> (863, 387)
835 -> (779, 330)
836 -> (792, 350)
837 -> (817, 350)
838 -> (879, 396)
839 -> (813, 342)
840 -> (765, 346)
841 -> (849, 378)
842 -> (864, 377)
843 -> (811, 359)
844 -> (848, 371)
845 -> (887, 394)
846 -> (847, 378)
847 -> (838, 380)
848 -> (851, 400)
849 -> (871, 389)
850 -> (866, 385)
851 -> (861, 371)
852 -> (859, 387)
853 -> (899, 395)
854 -> (825, 363)
855 -> (839, 368)
856 -> (882, 386)
857 -> (894, 392)
858 -> (803, 338)
859 -> (845, 383)
860 -> (891, 399)
861 -> (876, 384)
862 -> (834, 374)
863 -> (886, 397)
864 -> (869, 358)
865 -> (867, 375)
866 -> (820, 347)
867 -> (890, 391)
868 -> (831, 357)
869 -> (884, 383)
870 -> (844, 377)
871 -> (885, 376)
872 -> (860, 365)
873 -> (898, 383)
874 -> (829, 357)
875 -> (872, 399)
876 -> (874, 363)
877 -> (850, 350)
878 -> (870, 368)
879 -> (893, 371)
880 -> (868, 370)
881 -> (841, 370)
882 -> (835, 333)
883 -> (896, 369)
884 -> (877, 377)
885 -> (889, 389)
886 -> (827, 354)
887 -> (895, 391)
888 -> (862, 355)
889 -> (880, 380)
890 -> (828, 351)
891 -> (873, 390)
892 -> (897, 371)
893 -> (892, 369)
894 -> (840, 345)
895 -> (865, 356)
896 -> (881, 367)
897 -> (888, 377)
898 -> (883, 362)
899 -> (878, 368)
